209
701
803
852
996
1136
1221
1257
1267
1299
1378
1611
1640
1729
1759
1764
1767
1820
2027
2119
2585
2606
2609
2615
2731
2732
2840
2856
3131
3165
3188
3209
3212
3215
3216
3249
3269
3300
3301
3302
3303
3320
3327
3329
3330
3339
3352
3356
3462
3695
3737
3748
3816
3848
3853
4058
4134
4181
4230
4497
4540
4581
4637
4638
4651
4725
4760
4761
4766
4775
4780
4782
4788
4800
4804
4808
4809
4811
4812
4816
4817
4821
4835
4837
4922
4983
5391
5400
5410
5416
5425
5432
5467
5483
5518
5523
5547
5573
5588
5602
5603
5606
5607
5617
5639
5713
6057
6058
6147
6181
6306
6312
6327
6368
6400
6407
6412
6471
6503
6528
6535
6559
6568
6580
6648
6663
6697
6700
6703
6713
6730
6752
6758
6762
6768
6769
6775
6794
6805
6810
6821
6823
6828
6848
6849
6855
7004
7015
7057
7063
7303
7418
7438
7474
7545
7552
7602
7616
7643
7713
7727
7794
7849
7922
7925
8014
8103
8134
8151
8163
8193
8194
8234
8242
8244
8251
8280
8301
8304
8334
8345
8346
8359
8368
8374
8375
8387
8393
8395
8400
8402
8410
8412
8414
8422
8427
8443
8447
8452
8487
8529
8544
8562
8570
8580
8585
8601
8615
8661
8675
8697
8711
8717
8720
8732
8753
8764
8767
8781
8814
8821
8847
8881
8887
8926
8966
9000
9038
9049
9066
9110
9121
9125
9145
9146
9158
9198
9205
9231
9246
9249
9299
9318
9329
9336
9341
9444
9498
9506
9519
9614
9644
9658
9664
9674
9694
9751
9781
9808
9829
9848
9873
9889
9908
9924
9931
9934
9988
10002
10003
10024
10031
10094
10118
10131
10132
10143
10225
10269
10279
10423
10429
10430
10620
10704
10750
10821
10834
11014
11061
11067
11081
11084
11090
11172
11183
11259
11272
11367
11432
11522
11698
11722
11727
11749
11814
11815
11830
11844
11845
11888
11915
11918
11949
11961
11992
12033
12056
12127
12150
12297
12302
12312
12332
12334
12338
12355
12357
12360
12361
12365
12372
12380
12389
12392
12444
12455
12479
12486
12491
12494
12616
12668
12683
12688
12693
12730
12762
12767
12768
12777
12778
12796
12843
12844
12846
12847
12850
12861
12874
12880
12886
12912
12926
12929
12946
12958
12975
12997
13022
13036
13046
13056
13099
13118
13122
13126
13147
13156
13208
13259
13357
13370
13388
13489
13585
13682
13765
14080
14090
14117
14155
14178
14232
14265
14282
14288
14559
14569
14703
14731
14746
14750
14754
14813
14860
14868
14971
14988
15129
15165
15195
15204
15311
15313
15321
15335
15378
15389
15397
15433
15466
15468
15557
15595
15599
15617
15659
15672
15673
15706
15736
15751
15759
15763
15796
15802
15808
15824
15868
15897
15934
15943
15964
15974
15975
15997
16058
16097
16154
16202
16223
16227
16229
16232
16236
16281
16285
16345
16381
16413
16504
16524
16527
16531
16589
16591
16604
16629
16696
16708
16717
16728
16814
16863
16934
16942
16954
17069
17072
17079
17133
17143
17203
17356
17380
17385
17400
17408
17421
17465
17469
17470
17477
17483
17494
17501
17554
17557
17621
17623
17660
17709
17726
17771
17806
17813
17853
17885
17911
17917
17924
17936
17968
18004
18024
18025
18042
18092
18126
18187
18199
18209
18214
18233
18302
18390
18399
18403
18734
18780
18785
18881
18892
18914
18943
18988
19058
19112
19114
19180
19182
19201
19212
19218
19331
19332
19420
19422
19465
19471
19523
19605
19627
19635
19752
19830
19863
19881
19889
19939
19955
19970
19990
20002
20014
20018
20030
20058
20115
20135
20222
20257
20260
20283
20295
20300
20436
20477
20485
20578
20634
20661
20686
20714
20746
20776
20804
20807
20845
20870
20880
20886
20895
20932
20960
20978
21001
21003
21013
21017
21032
21050
21127
21191
21193
21243
21246
21263
21271
21277
21283
21299
21305
21310
21351
21353
21360
21378
21391
21413
21438
21446
21450
21479
21487
21491
21515
21555
21565
21574
21575
21577
21713
21730
21766
21779
21782
21826
21902
21921
21928
22056
22079
22110
22324
22346
22351
22353
22363
22368
22381
22423
22431
22464
22501
22561
22573
22639
22689
22706
22746
22800
22884
22925
22927
23031
23155
23242
23308
23418
23481
23539
23611
23624
23666
23673
23674
23688
23693
23724
23752
23764
23805
23856
23888
23889
23953
23966
23969
24086
24122
24138
24157
24158
24186
24202
24203
24212
24259
24337
24400
24444
24445
24479
24499
24516
24530
24535
24545
24547
24559
24560
24589
24626
24645
24651
24663
24689
24691
24699
24739
24744
24757
24810
24872
24921
24945
24978
25019
25082
25093
25106
25117
25135
25141
25144
25145
25159
25227
25229
25250
25299
25328
25355
25369
25386
25400
25446
25447
25472
25474
25490
25512
25513
25515
25520
25531
25543
25548
25549
25592
25637
25645
25651
25671
25769
25830
25853
25880
25892
25933
25943
25950
26088
26104
26123
26400
26472
26599
26609
26703
26724
26727
26744
26747
26760
26860
26932
27008
27221
27284
27294
27419
27425
27539
27648
27650
27651
27660
27672
27680
27695
27699
27708
27717
27720
27725
27738
27742
27745
27747
27757
27763
27775
27792
27813
27864
27877
27879
27882
27887
27889
27895
27923
27925
27932
27935
27947
27948
27950
27960
27976
27979
27984
27986
27988
28006
28009
28024
28036
28048
28051
28058
28066
28104
28126
28130
28131
28132
28138
28140
28142
28144
28145
28146
28151
28154
28158
28166
28171
28173
28178
28181
28184
28186
28187
28191
28201
28207
28212
28213
28219
28223
28224
28225
28226
28227
28234
28240
28250
28252
28264
28267
28270
28272
28277
28279
28283
28285
28292
28296
28305
28306
28308
28309
28310
28323
28326
28330
28334
28335
28343
28359
28360
28366
28368
28370
28378
28394
28398
28414
28428
28432
28439
28445
28453
28458
28481
28509
28512
28516
28523
28525
28530
28531
28532
28533
28534
28535
28536
28537
28538
28544
28545
28548
28554
28555
28556
28557
28573
28577
28587
28591
28599
28613
28615
28618
28620
28621
28624
28636
28640
28644
28652
28654
28676
28685
28716
28745
28746
28769
28775
28787
28840
28852
28885
28890
28891
28910
28964
28968
28994
29003
29013
29030
29031
29036
29049
29056
29061
29069
29072
29124
29137
29186
29196
29208
29226
29238
29247
29256
29259
29276
29286
29287
29357
29388
29399
29420
29422
29449
29456
29485
29544
29555
29614
29644
29664
29695
29744
29866
29894
29900
29968
29974
30029
30041
30072
30091
30119
30174
30263
30325
30341
30481
30530
30619
30666
30722
30733
30742
30767
30784
30838
30844
30855
30902
30916
30975
30982
30987
30990
30999
31028
31083
31117
31122
31126
31143
31200
31203
31213
31257
31261
31275
31277
31313
31336
31363
31364
31376
31404
31409
31412
31430
31499
31512
31514
31525
31549
31615
31626
31633
31685
31705
31721
31726
31811
31841
31920
31996
32012
32040
32204
32264
32277
32473
32513
32624
32703
32758
32768
32800
32845
32890
33003
33038
33059
33130
33247
33339
33362
33392
33556
33567
33604
33647
33728
33749
33765
33779
33788
33823
33835
33842
33871
33904
33911
33915
33922
33977
33986
34042
34060
34066
34087
34137
34150
34156
34168
34170
34205
34223
34232
34244
34263
34265
34267
34279
34285
34290
34304
34306
34352
34359
34376
34383
34391
34393
34421
34467
34470
34533
34547
34557
34584
34590
34594
34619
34659
34683
34703
34704
34709
34718
34723
34743
34772
34779
34858
34892
34896
34937
34974
34977
34984
35000
35005
35025
35063
35087
35091
35125
35140
35154
35177
35184
35199
35239
35244
35261
35283
35311
35352
35359
35370
35401
35516
35527
35549
35566
35567
35568
35588
35699
35723
35725
35753
35765
35768
35807
35810
35819
35871
35894
35911
36103
36105
36149
36165
36305
36374
36468
36487
36545
36549
36599
36728
36827
36865
36866
36873
36881
36884
36902
36903
36913
36915
36925
36926
36930
36937
36939
36947
36955
36969
36996
36998
36999
37006
37009
37020
37032
37054
37069
37075
37076
37090
37110
37119
37123
37133
37154
37184
37190
37196
37203
37204
37205
37229
37233
37248
37292
37294
37303
37333
37342
37343
37356
37371
37385
37430
37440
37451
37455
37457
37472
37473
37475
37508
37517
37526
37529
37531
37550
37563
37566
37571
37575
37586
37605
37613
37616
37622
37673
37677
37908
38009
38019
38040
38067
38077
38150
38156
38186
38203
38209
38210
38235
38247
38253
38264
38278
38315
38466
38526
38611
38623
38628
38712
38731
38732
38733
38750
38914
38917
38949
38951
38958
38987
38999
39010
39028
39032
39042
39045
39065
39068
39089
39097
39101
39128
39153
39156
39180
39190
39273
39279
39280
39375
39407
39434
39435
39477
39505
39543
39586
39699
39735
39737
39791
39808
39812
39824
39835
39869
39886
39891
39908
39927
39944
39964
40020
40076
40224
40230
40237
40285
40429
40564
40641
40837
40983
41064
41102
41106
41110
41123
41134
41164
41165
41177
41190
41202
41206
41272
41275
41307
41313
41327
41329
41330
41334
41338
41341
41397
41403
41421
41465
41513
41557
41560
41601
41616
41625
41661
41668
41682
41691
41727
41738
41754
41777
41786
41789
41790
41798
41802
41813
41843
41844
41877
41901
41925
41953
41959
41967
42003
42020
42039
42057
42060
42061
42065
42083
42085
42116
42147
42148
42149
42238
42269
42277
42343
42362
42396
42397
42437
42517
42521
42530
42548
42560
42581
42610
42644
42658
42682
42683
42739
42764
42770
42781
42786
42807
42811
42841
42845
42846
42897
42908
42914
42947
42961
43020
43034
43061
43103
43123
43132
43149
43197
43201
43228
43237
43244
43274
43284
43297
43306
43314
43320
43321
43328
43355
43370
43372
43376
43400
43409
43413
43452
43478
43529
43530
43533
43550
43567
43574
43576
43598
43605
43655
43656
43670
43698
43727
43728
43747
43811
43833
43843
43885
43886
43940
43957
43991
44021
44030
44118
44123
44244
44265
44309
44356
44397
44405
44416
44417
44429
44442
44443
44507
44540
44546
44547
44565
44572
44604
44622
44664
44692
44746
44776
44811
44814
44832
44834
44837
44851
44927
44941
44943
44963
44988
45046
45143
45250
45313
45325
45326
45355
45356
45461
45543
45557
45558
45588
45595
45607
45609
45629
45648
45669
45687
45706
45758
45820
45884
45891
45899
45916
45925
46026
46063
46154
46217
46375
46445
46455
46576
46632
46690
46694
46760
46892
46957
47116
47119
47123
47141
47159
47202
47206
47216
47217
47237
47241
47253
47256
47258
47266
47282
47288
47297
47332
47349
47394
47418
47440
47441
47452
47530
47531
47588
47655
47688
47702
47719
47726
47747
47755
47794
47806
47826
47845
47873
47883
47887
47898
47909
47914
47939
47954
47955
47959
47996
48019
48043
48044
48045
48065
48078
48081
48092
48120
48129
48147
48149
48159
48166
48190
48223
48225
48243
48249
48260
48271
48284
48293
48302
48364
48369
48408
48424
48438
48478
48479
48503
48511
48514
48524
48542
48544
48573
48574
48641
48642
48675
48695
48712
48720
48732
48737
48738
48748
48780
48817
48863
48870
48907
48944
48951
48952
48957
48966
48969
48978
49038
49048
49070
49088
49091
49101
49107
49112
49113
49136
49173
49178
49183
49255
49301
49311
49318
49320
49327
49371
49376
49377
49389
49455
49461
49508
49529
49551
49561
49601
49605
49628
49632
49666
49702
49718
49724
49755
49759
49761
49814
49851
49863
49889
49893
49897
49902
49954
49963
49984
50009
50019
50022
50025
50083
50105
50115
50126
50186
50223
50228
50239
50241
50251
50257
50261
50265
50266
50309
50313
50322
50362
50418
50427
50436
50439
50473
50480
50482
50488
50498
50512
50539
50542
50543
50544
50550
50564
50577
50581
50604
50616
50628
50657
50661
50666
50670
50676
50705
50710
50716
50719
50772
50776
50815
50833
50835
50864
50875
50911
50946
50947
51004
51035
51071
51121
51155
51158
51162
51171
51178
51184
51188
51192
51207
51234
51300
51315
51317
51333
51346
51373
51402
51426
51449
51477
51488
51495
51503
51504
51511
51521
51547
51548
51570
51592
51597
51604
51612
51615
51624
51645
51655
51757
51764
51801
51813
51819
51825
51880
51904
51935
51959
51972
51978
51991
51993
52008
52078
52116
52157
52175
52207
52232
52260
52262
52263
52278
52322
52328
52339
52356
52361
52364
52412
52432
52433
52436
52447
52473
52495
52524
52532
52539
52541
52542
52544
52548
52557
52558
52559
52560
52561
52562
52564
52571
52573
52577
52579
52583
52587
52589
52596
52599
52600
52601
52602
52605
52610
52611
52616
52617
52624
52625
52630
52633
52634
52642
52651
52654
52657
52662
52685
52686
52696
52698
52699
52700
52704
52705
52706
52711
52712
52714
52715
52717
52720
52721
52724
52727
52737
52741
52747
52748
52751
52752
52758
52759
52764
52765
52766
52770
52772
52778
52780
52781
52783
52787
52788
52790
52793
52795
52812
52814
52815
52817
52820
52828
52829
52833
52838
52840
52845
52846
52852
52854
52855
52862
52870
52872
52873
52876
52878
52879
52890
52892
52894
52898
52899
52901
52903
52904
52906
52907
52917
52923
52927
52931
52932
52937
52944
52946
52962
52963
52964
52965
52971
52972
52973
52974
52976
52977
52988
53004
53005
53006
53010
53024
53040
53041
53047
53048
53049
53051
53065
53072
53077
53081
53087
53088
53096
53097
53100
53102
53115
53118
53120
53123
53127
53132
53133
53134
53139
53146
53153
53155
53156
53158
53162
53167
53172
53178
53180
53181
53185
53189
53194
53201
53202
53205
53214
53222
53223
53230
53232
53237
53238
53256
53460
53507
53513
53586
53823
53828
53829
53848
53949
53989
54097
54239
54241
54373
54374
54392
54512
54523
54579
54607
54614
54646
54841
54847
55076
55230
55254
55309
55329
55330
55340
55353
55423
55424
55441
55453
55577
55592
55769
55799
55811
55821
55836
55853
55888
56040
56041
56042
56044
56045
56046
56047
56048
56089
56167
56209
56234
56241
56258
56262
56272
56308
56330
56345
56377
56391
56392
56401
56404
56420
56441
56451
56530
56534
56542
56543
56550
56571
56582
56592
56632
56654
56665
56677
56689
56696
56697
56701
56709
56724
56754
56803
56834
56835
56846
56882
56893
56981
57003
57018
57019
57026
57038
57044
57113
57136
57141
57153
57164
57197
57218
57246
57251
57255
57269
57293
57325
57333
57344
57378
57388
57389
57446
57468
57486
57489
57513
57524
57532
57571
57583
57615
57627
57652
57701
57716
57723
57768
57781
57794
57803
57826
57871
57888
57890
57958
57962
57966
58055
58127
58158
58172
58193
58224
58228
58230
58238
58243
58254
58272
58284
58310
58378
58396
58405
58424
58453
58460
58466
58470
58524
58610
58625
58640
58655
58715
58725
58765
58912
58963
59165
59173
59185
59191
59424
59521
59574
59595
59600
59607
59616
59625
59631
59665
59668
59681
59710
59713
59723
59762
59815
59831
59833
59877
59885
59909
59975
60006
60042
60067
60072
60095
60119
60138
60139
60171
60191
60267
60277
60325
60388
60468
60471
60533
60563
60599
60603
60607
60609
60619
60641
60720
60738
60740
60764
60815
60840
60849
60880
60886
60904
60930
60986
60989
60994
61021
61031
61064
61068
61121
61124
61143
61208
61230
61233
61276
61315
61324
61349
61367
61372
61403
61408
61431
61452
61481
61483
61503
61510
61573
61577
61578
61581
61582
61583
61603
61614
61618
61621
61636
61637
61638
61642
61648
61649
61659
61660
61662
61664
61670
61671
61672
61673
61675
61688
61689
61691
61696
61699
61700
61702
61703
61704
61707
61709
61712
61716
61717
61719
61722
61724
61726
61727
61728
61729
61734
61740
61744
61745
61746
61751
61754
61761
61765
61768
61773
61782
61784
61785
61790
61792
61795
61797
61798
61800
61802
61806
61810
61817
61819
61820
61824
61825
61829
61830
61834
61836
61845
61851
61854
61855
61856
61858
61859
61871
61872
61874
61877
61884
61888
61893
61897
61901
61904
61906
61908
61916
61917
61922
61923
61924
61930
61934
61936
61937
61938
61942
61946
61947
61948
61949
61951
61976
61995
62006
62040
62041
62058
62069
62123
62147
62201
62205
62211
62259
62336
62337
62340
62386
62423
62446
62592
62637
62886
63100
63107
63133
63134
63178
63330
63414
63440
63527
63741
63747
63838
63869
63897
63902
64043
64079
64126
64139
64227
64411
64419
64466
131090
131111
131127
131207
131210
131215
131267
131274
131285
131293
131322
131325
131349
131465
131584
131600
131627
131735
131915
131933
131952
131954
132004
132021
132148
132199
132204
132215
132225
132447
132497
132510
132518
132525
132599
132608
132615
132754
132833
132923
132933
132960
132971
133000
133075
133076
133118
133131
133155
133192
133227
133275
133285
133457
133495
133606
133613
133647
133667
133685
133691
133707
133730
133748
133791
133798
133809
133817
133982
133989
134004
134006
134033
134040
134090
134134
134241
134293
134294
134302
134305
134316
134334
134420
134425
134497
134525
134540
134697
134714
134761
134810
134878
134885
134887
134912
134976
135025
135046
135054
135055
135059
135060
135076
135089
135106
135191
135218
135224
135236
135254
135277
135300
135307
135308
135345
135346
135357
135364
135386
135407
135409
135443
135572
135650
135687
135696
135722
135729
135744
135756
135772
135776
135782
135792
135804
135810
135887
135905
135964
136030
136054
136067
136096
136121
136167
136225
136255
136280
136284
136303
136314
136335
136356
136362
136474
136598
136617
136625
136652
136664
136696
136803
136841
136861
136874
136901
137047
137102
137109
137114
137124
137135
137166
137199
137235
137239
137266
137376
137404
137412
137483
137532
137535
137551
137604
137627
137651
137669
137687
137689
137692
137693
137697
137699
137811
137818
137853
137872
137963
137967
138088
138102
138106
138166
138169
138179
138199
138221
138238
138257
138312
138384
138720
138734
138751
138766
138824
138828
138837
138854
138955
138958
138961
139034
139204
139226
139325
139382
139438
139473
139490
139506
139515
139529
139530
139547
139555
139560
139587
139591
139620
139622
139628
139647
139692
139698
139752
139759
139820
139826
139831
139835
139901
139925
139994
139997
140061
140083
140084
140088
140105
140174
140201
140220
140292
140293
140308
140345
140394
140485
140499
140527
140632
140636
140638
140762
140813
140903
141014
141015
141087
141146
141269
141285
141395
141509
141596
141618
141679
141688
141709
141739
141761
141771
141799
141804
141813
141834
141870
141889
141898
141902
141983
141998
142063
142064
142319
142332
142381
142400
142404
142445
142453
142477
142513
142534
142581
142608
142618
146890
146945
146956
146966
147003
147038
147042
147121
147142
147194
147221
148981
149118
149178
149217
149224
149226
149240
149267
149333
149357
149360
149422
149526
149558
149570
149618
149635
149688
149802
149837
149873
149883
149897
149972
150043
150045
150070
150096
150099
150108
150129
150145
150191
150193
150245
150249
150265
150359
150371
150549
150555
150557
150562
150576
150683
150806
150955
150968
150989
150998
151045
151060
151122
151125
151176
151185
151333
151408
151531
151569
151583
151590
151653
151678
151707
151732
151749
151798
151823
151995
152017
152020
152079
152082
152379
152394
152416
152436
152438
152490
152500
152525
152681
152830
152842
153073
153087
153128
153228
153233
153277
153335
153526
153533
153557
153573
153904
153938
153968
154026
154133
154197
196638
196685
196730
196740
196797
196838
196854
196874
196921
196925
196927
196938
196961
196994
197013
197064
197074
197113
197131
197156
197204
197207
197217
197221
197235
197255
197275
197287
197298
197311
197336
197349
197364
197394
197423
197447
197453
197470
197503
197504
197564
197567
197577
197602
197632
197643
197663
197707
197734
197786
197831
197862
197883
197897
197967
197968
197971
198056
198089
198169
198183
198193
198225
198227
198228
198232
198271
198279
198295
198335
198355
198367
198381
198388
198404
198441
198454
198504
198507
198541
198551
198632
198662
198669
198791
198803
198890
198950
198961
198967
198977
199276
199290
199356
199375
199421
199565
199585
199599
199669
199713
199715
199725
199730
199739
199782
199809
199919
199952
199995
200002
200064
200072
200093
200100
200218
200345
200387
200404
200491
200519
200539
200555
200635
200689
200724
200729
200738
200788
200799
200810
200845
200893
200920
200922
200923
200988
201004
201041
201060
201109
201147
201167
201178
201179
201183
201211
201285
201296
201328
201337
201427
201466
201540
201626
201641
201691
201704
201719
201748
201767
201786
201826
201843
201860
201952
201966
202011
202023
202047
202074
202103
202112
202125
202170
202173
202175
202208
202279
202289
202352
202371
202382
202440
202483
202491
202498
202561
202616
202654
202660
202717
202805
202813
202825
202844
202883
202999
203052
203088
203183
203187
203198
203208
203214
203324
203389
203408
203419
203441
203447
203448
203451
203459
203481
203503
203540
203553
203561
203587
203593
203600
203628
203657
203658
203672
203712
203788
203797
203835
203877
203895
203936
203937
203963
203964
203995
204020
204026
204041
204062
204106
204137
204153
204172
204177
204188
204276
204297
204309
204320
204348
204350
204379
204445
204457
204461
204490
204564
204581
204694
204735
204736
204774
204797
204798
204811
204814
204861
204929
204986
204996
205015
205119
205166
205191
205201
205249
205270
205471
205495
205515
205553
205570
205624
205638
205657
205673
205714
205715
205741
205784
205800
205852
205893
205898
205935
205953
205981
205998
206026
206066
206077
206089
206094
206101
206119
206163
206206
206262
206276
206280
206298
206318
206346
206366
206369
206385
206438
206448
206481
206539
206557
206558
206579
206630
206660
206661
206674
206713
206737
206756
206757
206772
206791
206807
206810
206866
206891
206943
206988
207044
207050
207073
207136
207184
207192
207198
207234
207348
207369
207405
207462
207547
207568
207617
207693
207766
207883
207922
207952
207987
208012
208041
208070
208077
208087
208142
208149
208221
208314
208324
208329
208337
208365
208569
208578
208586
208594
208596
208645
208877
208879
208905
208909
208992
209008
209170
209192
209206
209229
209255
209275
209284
209344
209360
209367
209372
209380
209393
209400
209429
209433
209458
209479
209492
209604
209627
209688
209711
209728
209759
209791
209835
209937
209956
209992
210021
210063
210086
210104
210109
210123
210135
210178
210264
210273
210298
210410
210435
210472
210519
210593
210625
210670
210692
210719
210747
210771
211028
211057
211095
211188
211196
211250
211291
211300
211332
211373
211379
211391
211433
211441
211641
211669
211709
211711
211808
211887
211953
212013
212087
212097
212175
212192
212269
212285
212335
212384
212444
212462
212538
212598
212661
212695
212777
212918
212945
213024
213046
213083
213155
213157
213193
213229
213261
213295
213369
213402
213438
213498
213521
213541
213783
213841
213890
213937
213939
213990
214077
214089
214143
214172
214173
214257
214286
214326
214378
214429
214463
214697
214830
214941
214954
215074
215148
215222
215503
215723
215787
215856
215886
215894
215927
216046
216135
216158
216356
216451
216475
262150
262169
262179
262181
262188
262202
262210
262215
262216
262220
262221
262248
262268
262274
262282
262286
262289
262290
262300
262301
262304
262310
262311
262312
262317
262323
262342
262346
262351
262352
262360
262361
262364
262365
262367
262373
262376
262379
262380
262385
262394
262399
262403
262405
262406
262407
262408
262411
262417
262426
262433
262434
262436
262438
262439
262447
262450
262457
262458
262459
262463
262468
262470
262473
262474
262476
262482
262485
262492
262494
262496
262497
262498
262499
262502
262503
262505
262506
262507
262509
262517
262521
262523
262527
262531
262535
262540
262546
262551
262557
262562
262567
262568
262576
262585
262588
262590
262600
262601
262604
262606
262616
262617
262620
262632
262640
262642
262645
262648
262657
262661
262663
262669
262674
262676
262686
262687
262689
262690
262693
262695
262706
262711
262713
262720
262722
262729
262737
262739
262740
262744
262749
262751
262753
262754
262755
262760
262761
262762
262769
262773
262777
262791
262801
262805
262807
262808
262809
262820
262828
262834
262837
262839
262842
262851
262861
262863
262866
262868
262869
262873
262875
262888
262893
262895
262896
262898
262899
262903
262905
262909
262911
262937
262944
262947
262948
262949
262972
262973
262977
262979
262988
262989
262993
262995
262996
262999
263003
263005
263006
263008
263009
263011
263015
263016
263018
263019
263027
263033
263035
263040
263042
263043
263049
263053
263055
263073
263080
263081
263086
263089
263096
263098
263099
263108
263110
263111
263116
263119
263124
263126
263135
263139
263142
263144
263146
263151
263152
263155
263159
263162
263165
263181
263195
263196
263210
263216
263218
263223
263224
263236
263243
263250
263265
263270
263276
263280
263281
263285
263291
263292
263294
263302
263305
263309
263317
263320
263324
263327
263329
263331
263332
263335
263338
263343
263344
263345
263346
263357
263362
263377
263382
263385
263390
263394
263396
263398
263411
263415
263418
263420
263422
263424
263432
263433
263436
263440
263442
263445
263450
263453
263455
263456
263462
263466
263467
263468
263469
263473
263478
263480
263483
263494
263495
263499
263500
263501
263506
263508
263509
263512
263516
263517
263519
263520
263522
263532
263534
263544
263545
263546
263554
263555
263558
263562
263566
263573
263578
263579
263580
263583
263589
263591
263594
263596
263598
263600
263603
263608
263611
263612
263614
263616
263623
263625
263626
263631
263634
263636
263637
263641
263642
263647
263650
263656
263661
263664
263665
263666
263672
263689
263698
263717
263730
263741
263765
263767
263775
263777
263783
263791
263805
263814
263834
263846
263847
263861
263866
263868
263869
263879
263880
263886
263887
263888
263891
263900
263903
263904
263905
263911
263913
263914
263917
263918
263920
263921
263922
263925
263928
263935
263939
263940
263942
263944
263948
263950
263951
263952
263956
263957
263959
263960
263963
263965
263966
263968
263975
263976
263980
263984
263985
263987
263992
263994
264002
264007
264010
264012
264013
264021
264023
264024
264030
264042
264047
264049
264056
264058
264059
264063
264069
264071
264075
264092
264100
264104
264106
264108
264110
264111
264116
264117
264119
264120
264125
264127
264128
264129
264133
264135
264136
264137
264144
264146
264148
264150
264155
264160
264162
264164
264166
264169
264178
264180
264189
264191
264193
264195
264196
264200
264204
264206
264207
264209
264210
264212
264214
264215
264217
264227
264229
264230
264232
264233
264234
264236
264239
264244
264246
264248
264250
264255
264259
264268
264273
264274
264278
264280
264281
264283
264284
264285
264293
264294
264295
264297
264301
264310
264311
264318
264321
264322
264328
264329
264332
264334
264336
264337
264342
264351
264359
264360
264373
264384
264386
264387
264389
264391
264393
264397
264404
264412
264413
264421
264429
264437
264439
264440
264441
264444
264451
264452
264456
264463
264473
264477
264483
264490
264497
264500
264508
264509
264510
264516
264517
264519
264520
264521
264524
264526
264530
264540
264541
264542
264543
264544
264547
264550
264553
264554
264556
264562
264564
264568
264570
264577
264579
264580
264586
264588
264590
264591
264592
264596
264598
264599
264602
264605
264625
264628
264631
264634
264642
264652
264669
264679
264681
264697
264716
264719
264725
264726
264731
264742
264744
264750
264756
264764
264765
264770
264778
264781
264810
264819
264825
264827
264861
264862
264863
264867
264869
264871
264872
264874
264876
264878
264887
264889
264891
264897
264900
264909
264911
264912
264913
264915
264923
264928
264929
264931
264933
264935
264938
264940
264941
264943
264944
264948
264952
264953
264959
264960
264962
264963
264966
264974
264975
264982
264987
264990
264992
264996
264997
264998
264999
265006
265008
265009
265014
265016
265017
265018
265019
265025
265027
265028
265032
265033
265034
265036
265038
265041
265050
265052
265053
265055
265062
265063
265067
265078
265080
265083
265085
265086
265088
265090
265093
265095
265096
265097
265100
265113
265117
265118
265124
265126
265131
265132
265133
265137
265140
265144
265152
265157
265158
265160
265163
265166
265169
265170
265171
265173
265174
265176
265177
265178
265189
265197
265205
265215
265220
265224
265225
265226
265230
265231
265234
265237
265244
265247
265249
265257
265260
265261
265263
265265
265266
265269
265274
265278
265281
265282
265283
265286
265287
265288
265289
265296
265298
265300
265302
265305
265313
265317
265319
265320
265328
265330
265335
265336
265337
265339
265341
265344
265345
265346
265348
265350
265351
265355
265356
265358
265360
265363
265364
265369
265377
265382
265388
265390
265391
265393
265395
265398
265401
265404
265406
265407
265410
265417
265419
265420
265424
265426
265428
265430
265436
265437
265440
265446
265447
265451
265455
265460
265464
265467
265472
265473
265475
265477
265480
265481
265483
265485
265486
265491
265496
265500
265515
265517
265518
265534
265551
265566
265569
265574
265586
265587
265590
265594
265596
265600
265615
265624
265625
265629
265637
265641
265661
265675
265680
265691
265699
265711
265713
265723
265762
265795
265838
265852
265855
265858
265861
265877
265883
265886
265887
265890
265891
265892
265896
265904
265905
265913
265918
265923
265924
265927
265929
265931
265933
265937
265938
265942
265943
265944
265949
265952
265957
265958
265960
265965
265971
265972
265973
265975
265976
265978
265979
265980
265981
265983
265986
265989
265996
265997
266003
266004
266005
266011
266020
266025
266028
266029
266030
266034
266036
266038
266043
266049
266051
266052
266057
266059
266065
266066
266067
266072
266080
266083
266090
266094
266095
266103
266104
266107
266113
266114
266115
266117
266121
266127
266129
266132
266136
266139
266140
266142
266146
266148
266150
266153
266160
266165
266167
266170
266171
266172
266177
266178
266180
266189
266193
266194
266197
266200
266204
266207
266208
266213
266215
266216
266219
266229
266232
266235
266236
266238
266240
266243
266245
266246
266251
266260
266267
266269
266271
266272
266274
266275
266279
266281
266284
266291
266292
266296
266302
266303
266304
266312
266316
266317
266319
266321
266323
266325
266332
266338
266339
266346
266351
266353
266355
266359
266360
266362
266366
266369
266371
266376
266381
266384
266385
266386
266387
266394
266397
266398
266399
266409
266418
266419
266423
266425
266427
266430
266431
266433
266434
266436
266439
266441
266445
266450
266452
266454
266459
266462
266465
266466
266467
266468
266475
266477
266481
266483
266487
266489
266493
266502
266507
266514
266517
266518
266519
266520
266522
266523
266524
266528
266529
266530
266534
266539
266545
266550
266553
266554
266563
266565
266570
266571
266572
266575
266578
266580
266583
266586
266592
266593
266606
266608
266610
266613
266619
266620
266621
266624
266625
266626
266627
266634
266636
266638
266640
266642
266643
266646
266650
266651
266664
266672
266673
266694
266698
266704
266705
266715
266722
266731
266732
266734
266765
266779
266786
266814
266830
266840
266844
266857
266870
266877
266900
266910
266911
266915
266917
266918
266920
266923
266926
266934
266936
266937
266941
266943
266944
266951
266958
266961
266964
266966
266967
266968
266975
266978
266983
266984
266986
266987
266989
266992
266995
267007
267013
267019
267020
267031
267032
267033
267035
267037
267038
267050
267051
267054
267055
267057
267061
267062
267065
267070
267073
267076
267077
267091
267096
267102
267106
267108
267110
267116
267121
267122
267123
267125
267128
267129
267145
267156
267158
267159
267162
267164
267167
267169
267173
267174
267180
267183
267184
267185
267186
267187
267190
267192
267194
267195
267197
267198
267199
267200
267201
267205
267207
267219
267221
267224
267225
267227
267229
267233
267234
267237
267242
267245
267246
267251
267257
267261
267262
267263
267264
267265
267277
267281
267286
267288
267291
267297
267301
267308
267311
267313
267316
267318
267323
267326
267328
267331
267335
267339
267342
267347
267348
267350
267357
267362
267363
267366
267367
267369
267374
267375
267377
267378
267381
267384
267386
267390
267394
267396
267397
267399
267405
267410
267412
267419
267423
267424
267425
267426
267428
267429
267430
267437
267438
267440
267447
267449
267452
267453
267455
267456
267459
267462
267467
267469
267470
267475
267484
267494
267495
267496
267497
267498
267501
267503
267506
267510
267512
267513
267514
267516
267517
267522
267523
267529
267536
267537
267538
267540
267542
267545
267546
267548
267551
267552
267554
267555
267556
267560
267562
267563
267564
267568
267570
267571
267575
267576
267583
267586
267587
267588
267596
267603
267606
267607
267611
267612
267614
267618
267619
267620
267621
267629
267633
267638
267641
267642
267643
267645
267648
267649
267650
267651
267653
267670
267675
267685
267686
267691
267693
267699
267728
267745
267746
267749
267770
267772
267781
267783
267795
267796
267803
267807
267818
267823
267831
267869
267883
267894
267895
267903
267904
267918
267925
267929
267933
267935
267938
267942
267945
267951
267955
267956
267957
267963
267965
267969
267973
267978
267980
267983
267985
267988
267994
267997
268006
268013
268019
268022
268023
268034
268038
268040
268044
268046
268051
268055
268056
268059
268060
268064
268067
268069
268070
268072
268080
268083
268086
268087
268091
268092
268093
268094
268096
268097
268099
268101
268104
268105
268107
268108
268109
268111
268120
268122
268123
268124
268125
268126
268129
268131
268134
268136
268137
268144
268145
268146
268148
268149
268155
268157
268158
268159
268166
268168
268170
268176
268177
268180
268181
268182
268184
268186
268188
268189
268190
268191
268194
268195
268197
268198
268201
268207
268209
268210
268213
268215
268218
268219
268222
268229
268230
268231
268233
268235
268238
268239
268243
268246
268250
268251
268257
268263
268265
268267
268271
268272
268274
268275
268286
268288
268289
268291
268294
268296
268299
268300
268305
268308
268310
268311
268314
268316
268317
268320
268321
268323
268324
268329
268330
268331
268335
268336
268339
268344
268346
268349
268350
268352
268353
268360
268362
268364
268365
268367
268371
268373
268374
268376
268377
268383
268384
268385
268391
268392
268394
268398
268402
268406
268407
268409
268410
268413
268418
268421
268423
268425
268428
268429
268430
268434
268436
268437
268449
268450
268455
268458
268459
268462
268470
268473
268477
268480
268481
268482
268484
268485
268487
268493
268494
268500
268502
268503
268505
268506
268508
268509
268512
268514
268516
268518
268525
268528
268538
268539
268540
268541
268543
268544
268545
268546
268547
268550
268551
268554
268556
268557
268560
268568
268569
268571
268572
268573
268576
268577
268586
268587
268588
268595
268597
268600
268605
268610
268611
268616
268617
268621
268622
268623
268625
268628
268631
268633
268635
268642
268643
268644
268645
268647
268653
268656
268657
268661
268665
268674
268675
268679
268689
268695
268698
268699
268700
268704
268707
268710
268722
268725
268726
268730
268733
268737
268742
268751
268753
268755
268757
268765
268771
268773
268782
268785
268787
268788
268791
268795
268798
268801
268803
268809
268810
268811
268815
268817
268818
268822
268823
268824
268828
268829
268831
268836
268842
268858
268863
268867
268868
268869
268872
268878
268879
268881
268882
268884
268885
268892
268898
268899
268907
268909
268912
268913
268919
268921
268925
268929
268935
268939
268944
268946
268949
268953
268956
268962
268966
268968
268969
268971
268973
268974
268975
268976
268978
268980
268983
268988
268990
268998
269000
269002
269004
269008
269014
269021
269023
269028
269030
269033
269035
269036
269037
269039
269042
269046
269055
269056
269057
269058
269065
269067
269073
269074
269075
269077
269079
269080
269082
269083
269084
269089
269091
269092
269096
269103
269107
269108
269109
269113
269118
269124
269129
269131
269136
269138
269139
269140
269141
269146
269147
269151
269153
269158
269159
269160
269164
269170
269172
269173
269174
269177
269178
269179
269182
269183
269185
269186
269188
269189
269193
269199
269200
269201
269204
269205
269208
269211
269212
269214
269215
269220
269231
269238
269243
269246
269249
269250
269252
269258
269260
269261
269269
269273
269274
269276
269279
269288
269293
269298
269299
269301
269302
269308
269309
269317
269318
269319
269326
269329
269335
269338
269339
269340
269350
269351
269352
269354
269355
269357
269358
269359
269363
269364
269365
269367
269368
269373
269374
269380
269382
269383
269385
269387
269389
269396
269401
269402
269403
269405
269409
269411
269412
269413
269416
269420
269421
269422
269423
269425
269427
269429
269430
269432
269433
269435
269436
269437
269442
269447
269448
269455
269456
269457
269460
269466
269467
269469
269473
269474
269475
269477
269478
269479
269480
269482
269483
269484
269485
269487
269488
269490
269493
269495
269499
269501
269502
269505
269506
269510
269512
269513
269516
269517
269518
269519
269524
269525
269526
269527
269529
269530
269535
269537
269538
269544
269546
269547
269554
269556
269558
269563
269566
269569
269571
269572
269578
269581
269583
269586
269588
269591
269595
269600
269603
269604
269614
269615
269617
269618
269625
269631
269632
269633
269634
269635
269636
269637
269638
269639
269640
269642
269644
269646
269650
269654
269656
269657
269658
269659
269660
269662
269664
269665
269668
269670
269676
269678
269680
269681
269683
269684
269687
269688
269695
269696
269698
269704
269705
269707
269712
269713
269714
269715
269719
269720
269733
269738
269742
269743
269763
269797
269802
269803
269816
269831
269832
269841
269843
269852
269873
269876
269877
269898
269900
269901
269918
269921
269928
269936
269938
269942
269944
269952
269955
269975
269980
270006
270023
270026
270027
270031
270034
270037
270044
270045
270051
270052
270071
270082
270086
270137
270149
270158
270161
270169
270187
270200
270217
270221
270237
270241
270242
270243
270248
270253
270256
270262
270265
270267
270269
270270
270274
270276
270277
270281
270287
270290
270293
270301
270303
270306
270313
270322
270323
270330
270332
270333
270334
270338
270340
270341
270342
270344
270349
270352
270354
270356
270357
270358
270368
270370
270372
270373
270374
270375
270380
270383
270387
270391
270393
270395
270397
270403
270404
270408
270413
270414
270415
270417
270418
270428
270432
270436
270438
270444
270447
270448
270453
270458
270463
270464
270465
270467
270468
270470
270473
270474
270477
270482
270484
270487
270489
270494
270495
270497
270498
270500
270501
270505
270506
270507
270509
270512
270515
270518
270519
270522
270523
270528
270531
270535
270540
270543
270544
270547
270548
270549
270550
270552
270554
270555
270556
270560
270561
270578
270580
270581
270583
270584
270594
270599
270601
270606
270607
270608
270611
270612
270624
270625
270626
270628
270630
270633
270635
270636
270638
270639
270641
270642
270644
270646
270647
270650
270651
270652
270653
270655
270656
270657
270664
270668
270669
270674
270677
270678
270682
270683
270685
270691
270692
270697
270702
270704
270706
270707
270708
270715
270718
270719
270721
270722
270723
270724
270725
270727
270728
270729
270733
270735
270736
270737
270738
270739
270744
270747
270748
270750
270751
270755
270763
270768
270772
270773
270776
270778
270790
270793
270795
270805
270811
270813
270814
270816
270820
270823
270834
270838
270844
270845
270848
270849
270858
270859
270862
270863
270868
270873
270877
270879
270880
270882
270887
270888
270893
270894
270896
270897
270899
270900
270901
270905
270908
270910
270912
270915
270916
270919
270920
270924
270925
270926
270927
270930
270936
270938
270939
270940
270941
270943
270944
270947
270949
270953
270959
270960
270962
270968
270969
270972
270976
270978
270979
270988
270989
270991
270994
271002
271003
271005
271006
271008
271011
271012
271013
271016
271021
271024
271027
271028
271032
271034
271035
271038
271042
271049
271053
271054
271055
271056
271057
271060
271062
271063
271066
271067
271069
271071
271072
271073
271075
271077
271079
271080
271082
271087
271088
271091
271092
271094
271101
271104
271105
271108
271110
271115
271116
271117
271119
271120
271131
271134
271136
271138
271140
271142
271148
271150
271154
271158
271160
271161
271162
271164
271166
271169
271170
271176
271179
271181
271182
271186
271188
271189
271192
271193
271194
271196
271199
271200
271201
271202
271208
271210
271215
271217
271218
271219
271222
271224
271225
271226
271233
271236
271237
271240
271241
271243
271244
271245
271247
271250
271251
271252
271253
271254
271257
271258
271260
271263
271265
271266
271267
271270
271271
271273
271277
271278
271279
271284
271285
271286
271288
271289
271290
271292
271301
271302
271309
271314
271323
271325
271326
271327
271330
271333
271334
271336
271337
271338
271339
271341
271342
271343
271344
271345
271352
271353
271357
271359
271363
271364
271365
271368
271370
271371
271374
271375
271376
271380
271387
271392
271395
271401
271402
271407
271411
271412
271413
271415
271416
271418
271419
271424
271427
271429
271430
271432
271434
271439
271441
271445
271451
271452
271458
271463
271464
271465
271466
271468
271469
271473
271474
271476
271477
271478
271479
271482
271484
271486
271487
271488
271494
271497
271498
271499
271500
271502
271504
271505
271511
271513
271514
271516
271526
271527
271529
271531
271538
271544
271545
271546
271548
271549
271550
271551
271552
271553
271558
271563
271565
271568
271575
271576
271577
271580
271582
271590
271592
271596
271599
271602
271606
271607
271608
271609
271610
271612
271613
271615
271616
271618
271619
271620
271622
271624
271626
271627
271632
271634
271636
271638
271639
271643
271645
271646
271647
271648
271650
271657
271660
271663
271664
271669
271673
271683
271686
271688
271689
271690
271691
271696
271701
271702
271707
271727
271728
271731
271740
271744
271749
271761
271773
271777
271781
271785
271789
271795
271799
271813
271838
271843
271846
271867
271870
271872
271884
271896
271898
271903
271909
271916
271933
271936
271941
271943
271968
271971
271973
271979
271982
271992
272008
272011
272027
272051
272060
272068
272085
272097
272112
272122
272129
272132
272150
272174
272201
272213
272226
272241
272274
272278
272344
272401
272435
272442
272466
272483
272484
272499
272532
272535
272539
272553
272564
272585
272588
272605
272610
272619
272623
272626
272636
272677
272757
272764
272765
272775
272790
272802
272843
272854
272874
272883
272887
272889
272911
272935
272937
272939
272957
272969
272990
272998
273000
273001
273006
273009
273013
273019
273020
273026
273034
273035
273044
273049
273054
273061
273084
273111
273112
273121
273134
273140
273148
273157
273173
273187
273201
273205
273212
273244
273263
273309
273311
273316
273350
273360
273363
273366
273368
273371
273380
273386
273400
273409
273412
273416
273425
273431
273436
273446
273451
273454
273470
273472
273473
273486
273493
273511
273526
273568
273580
273585
273595
273599
273603
273619
273648
273650
273674
273709
273726
273729
273772
273776
273782
273785
273801
273811
273813
273829
273834
273850
273853
273854
273866
273877
273879
273883
273893
273895
273896
273913
273924
273934
273942
273950
273960
273966
273976
273982
273990
274024
274025
274035
274040
274048
274113
274117
274144
274156
274165
274168
274486
274607
274614
274642
274665
274674
274685
274698
274722
274743
274747
274757
274762
274775
274779
274798
274818
327688
327697
327707
327712
327725
327726
327728
327754
327756
327769
327776
327782
327786
327798
327799
327808
327818
327829
327830
327885
327907
327931
327934
327946
327975
327981
328001
328029
328061
328073
328092
328111
328136
328155
328169
328176
328191
328250
328253
328286
328319
328323
328333
328408
328450
328469
328471
328488
328500
328539
328548
328549
328576
328613
328636
328646
328652
328658
328704
328723
328733
328755
328760
328780
328790
328808
328820
328866
328911
328975
328979
328988
328997
329027
329032
329066
329148
329152
329170
329236
329243
329246
329248
329255
329274
329341
329370
329386
329402
329444
329472
329478
393227
393301
393457
393573
393632
393740
393796
393821
393844
393857
394111
394232
394285
394333
394473
394474
394510
394625
394708
394710
394728
394778
394869
394891
394907
394989
394991
395040
395165
395260
395357
395394
395461
395465
395582
395597
395685
395768
395795
395866
395965
396010
396056
396338
396990
397016
397285
397298
397361
397455
398041
398052
398259
398305
398734
398839
398944
399111
399194
399327
399435
399439
399457
399491
399494
399690
399844
399893
400114
400132
400155
400180
400212
400251
400385
400439
400610
400633
400662
400666
400933
401037
401375
401478