2
3
4
8
9
12
14
17
18
20
25
26
27
31
32
34
38
46
47
52
55
59
73
87
88
98
103
104
111
131
137
156
159
160
167
194
205
217
231
239
299
302
378
553
557
679
680
760
786
802
823
1109
1110
1111
1113
1114
1117
1133
1201
1205
1224
1249
1252
1307
1312
1411
1638
1659
1706
1736
1742
1776
1851
1853
1926
1967
1970
2025
2055
2108
2269
2496
2501
2508
2547
2552
2561
2592
2637
2698
2833
2834
2841
2846
2850
2857
2900
3128
3208
3255
3268
3323
3363
3390
3450
3452
3479
3480
3582
3586
3603
3634
3659
3661
3676
3681
3685
3777
3778
3784
3794
3807
3813
3836
3839
3935
3999
4130
4158
4201
4274
4385
4605
4616
4665
5379
5421
5468
5479
5489
5520
5538
5548
5550
5627
5653
5692
5721
5723
5739
5786
6059
6106
6192
6200
6356
6360
6510
6579
6867
6868
6874
7150
7202
7276
7377
7560
7575
7624
7645
7651
7774
7896
7915
7939
8036
8111
8253
8256
8267
8278
8286
8323
8456
8466
8508
8517
8524
8581
8605
8611
8617
8618
8643
8664
8670
8790
8890
9088
9103
9112
9162
9271
9274
9317
9321
9411
9431
9432
9433
9452
9459
9464
9475
9486
9488
9523
9533
9546
9551
9562
9572
9686
9754
9775
9778
9782
9868
9870
9916
9955
9962
9978
9982
9991
10053
10088
10148
10159
10197
10349
10421
10508
10546
10631
10680
10755
10849
10952
10961
11039
11105
11128
11206
11214
11257
11348
11417
11442
11736
11745
11773
11809
11834
11975
11995
12005
12013
12093
12118
12145
12148
12324
12346
12402
12423
12660
12675
12687
12831
12908
12999
13041
13065
13242
13303
13326
13371
13476
13485
13764
13998
14048
14348
14373
14426
14448
14529
14763
14801
14859
15119
15295
15318
15336
15496
15505
15633
15744
15798
16120
16220
16263
16283
16461
16462
16489
16519
16826
17001
17055
17196
17202
17342
17479
17553
17575
17687
17713
17716
17861
17862
17870
17946
17956
18026
18028
18031
18034
18047
18173
18188
18298
18324
18330
18337
18420
18515
18553
18621
18682
18967
19119
19217
19464
19764
19927
19999
20080
20085
20130
20252
20306
20633
21064
21143
21182
21517
21767
22174
22323
22686
22834
22847
22887
22950
22985
23122
23162
23207
23237
23339
23484
23628
23668
23714
23719
23859
23862
23905
24020
24328
24390
24398
24434
24436
24437
24453
24526
24614
24620
24839
24848
25075
25242
25304
25468
25584
25656
25728
25776
25963
25968
25977
26335
26367
26488
26732
26934
27198
27274
27405
27422
27609
27883
28067
28797
28949
29068
29147
29289
29484
29577
29683
29773
29840
29923
30045
30703
30778
30847
30983
31011
31145
31822
31828
31861
31960
31983
32064
32082
32531
32601
32666
32726
32818
32907
32971
33091
33187
33281
33503
33629
33632
33670
33726
34707
34849
34878
35043
35656
35686
36319
36368
36375
36441
36850
36982
37074
37170
37263
37404
37405
37443
37513
37520
37568
37932
38280
38305
38635
38727
38845
39131
39815
39857
39943
40102
40204
40591
40947
40981
41620
42289
42594
43965
44805
44959
44971
45340
45344
45542
45575
45773
45810
46042
46103
46115
46184
46470
46512
46729
46749
46985
47174
47212
47558
47610
48183
49792
50237
50517
50999
51181
51352
51539
51708
52188
53260
53403
53450
53785
54393
54421
55380
55390
55545
55618
55625
55674
55910
56056
56727
56765
57171
57563
57745
58457
58479
58611
59104
59163
59263
59962
60158
60560
61209
61248
62436
62452
62692
62989
63130
63510
131158
131159
131226
131919
132216
132250
132365
132494
132688
132780
132874
132905
133168
133169
133357
133552
133738
134023
134790
135524
135616
135734
135893
135909
136004
136164
136470
136618
136624
136911
136912
136921
136937
137241
137282
137300
137394
137706
137850
137956
137974
138155
138163
138382
138462
138489
138573
138587
138904
139815
140118
140200
141270
147312
149503
149990
150107
150638
151808
151825
151981
152337
153493
153981
197451
197467
198499
198864
199028
199513
199578
199936
201632
201773
201778
202571
202575
203247
204575
204813
205656
206130
206523
209335
209464
209617
209698
211218
211258
211670
212023
212167
213634
213698
216137
327705
327863
327942
327947
327992
328076
328184
328188
328212
328225
328647
328762
328896
393249
393257
393289
393296
393307
393337
393408
393750
393907
394031
394522
394744
394769
394962
394988
395400
395421
396086
396128
396310
396425
396457
396465
396527
397066
397087
397501
397549
398060
398451
398537
398655
398813
399315
399346