16509
136907
398324
6939
14618
45102
8075
14061
396982
135377
211298
213412
55990
51396
16276
398705
13335
45899
4134
132203
50360
63949
211736
202425
4837
36183
398722
36352
201814
906
21859
24940
215925
55960
9829
174
9808
214295
207812
47890
32934
49870
37963
13238
212512
401120
2200
51167
135629
20052
4766
209605
45090
10439
3462
49581
139341
12389
34224
12876
211680
3320
213438
138997
52053
9009
48090
58461
12989
7713
19318
206264
52055
60223
214943
50719
401116
4
62563
211607
8151
15169
8551
12880
9121
4812
150436
58466
23969
8452
209290
210558
9465
7552
208191
12145
51852
36530
24429
1267
8048
8447
60068
200350
200391
202306
23470
3209
3269
137280
400161
12637
17561
8412
136180
30722
7922
17621
31034
3303
57509
53667
18403
197540
40676
13213
8560
3215
142002
212238
35916
59414
31898
6186
5483
63199
135918
3352
51115
215540
3786
23724
12555
62240
54994
58224
136258
210006
215183
6730
200373
209160
43260
2637
135905
9299
42624
20473
12874
24560
215476
142111
56046
45758
151858
36947
208843
270353
214209
1299
152672
4808
4713
214940
6805
48693
29484
1103
36007
35042
24757
34665
31662
17557
29447
211590
14956
5617
4760
399045
44477
44486
701
133982
21283
40021
141995
9498
396356
2856
8611
2500
203020
213613
25211
7018
680
134963
61112
212835
22552
9541
5603
9304
34984
14593
9198
204428
55836
21334
207463
39891
8069
4538
213456
201401
213790
56041
28573
32475
8881
6057
4788
7029
206092
3301
51265
8369
15557
5410
12322
1136
3214
33915
24186
7303
8193
54801
16232
150179
12479
9318
29465
33765
1257
400536
197183
211849
5432
25019
25255
5089
206262
63737
200019
5384
53062
215304
8359
16135
22884
20115
29302
15704
216071
14576
3212
38365
19871
51847
9086
5391
26599
31133
208637
140061
6848
214062
48925
209800
27699
138915
197207
204457
9031
24547
17639
5610
12430
5650
17451
23693
6855
22773
215778
20845
213990
25369
9269
14048
34450
13036
29802
47585
137409
42961
38136
15162
26658
14080
46844
36903
24309
42237
15796
12912
17622
4811
42821
17858
8402
5607
199785
37705
2119
50340
34779
141718
137687
207184
9183
29222
212567
203214
16019
52468
35487
199739
22927
134420
1221
6128
17318
54113
46606
11320
7979
45820
2514
131090
12695
6799
2527
984
216221
24955
137718
21928
16735
18881
18209
8866
6697
17638
197834
42969
20001
267784
62068
37061
30844
9141
200195
57043
49544
917
58519
47583
62164
132199
17816
149125
17488
9534
24444
206216
214481
3816
57269
17917
4847
3257
210644
22295
17676
30081
212477
215224
38623
133481
58087
17995
53958
29066
213155
40065
58061
23888
6568
7040
4130
35612
216341
9341
63760
200651
24835
11664
48721
11426
7738
151873
23674
215730
60490
20860
8400
4230
20940
17072
38731
13999
6849
48452
3216
208949
197019
47690
44034
9123
63961
41745
25192
45204
15962
8374
2280
29518
213887
401696
209272
12552
47995
13489
25513
54098
209702
211619
35819
214036
27967
51207
212913
201194
401152
215826
47987
57695
2860
19527
401172
61756
852
10796
17813
6810
18049
12975
3223
719
9329
39603
60729
8346
3243
9038
140810
56040
27747
50304
12400
206206
136787
8376
140726
47377
198953
53107
16086
56042
394695
8796
34549
2519
329166
215439
45609
6327
138341
39351
8595
56044
58563
4609
24139
12353
3356
42708
39421
45117
38264
37492
14754
211659
5578
12741
43641
2516
11427
41039
10620
58212
6167
51747
39089
55577
8732
6400
38841
262551
61178
36873
271042
64236
8708
23532
150895
33771
134768
12714
55933
7385
203963
214279
43350
45916
17665
25490
7590
397423
51202
21299
141679
48832
8167
36925
7545
31200
397368
151185
16010
61098
1101
47516
15895
28840
20911
8612
215929
1680
12735
394089
9145
11562
8473
44395
29256
262210
17762
49434
17882
39392
12810
136557
24086
52804
55967
28209
152194
7418
4775
36992
42610
24961
48642
1759
9260
24863
57169
10912
2116
31615
21246
146817
215590
577
48282
37105
56048
36884
10429
17552
4800
401109
134771
216246
35179
264628
215703
14987
210278
56047
8339
50867
4618
209101
27882
35805
18978
8445
12301
8220
44244
198584
26496
50219
27651
812
26383
216416
205544
269538
9930
4685
49505
37611
263703
8899
33567
54600
6830
6147
36692
33363
12271
205714
137951
400529
132165
197450
137697
133661
43766
38283
23201
209847
212219
136188
35369
200593
41436
207326
50266
20326
4761
37671
37693
202422
15943
20011
207713
204104
140292
262415
13285
207990
9506
42337
132124
4780
28006
149078
30633
29314
215090
42807
28343
211507
21499
133118
27947
21479
6821
24445
2107
46261
15924
14117
213780
23956
214822
27831
214973
37340
134762
209588
37148
135089
15600
18734
20485
17511
1764
399073
200514
19429
26210
10139
30860
11556
149746
400618
35104
1955
30058
135761
141140
63023
55286
18809
16637
209956
35228
138754
2914
28952
9674
22363
213230
44327
18779
23688
135953
327934
198253
42397
786
8767
37457
9845
16223
43754
9905
28685
204957
55720
13110
12849
22612
205530
47674
12605
28787
52565
56766
15435
27901
11878
138423
265936
62044
131378
209132
55081
17421
11259
16591
200590
206067
59432
150008
132510
36924
15802
21826
8764
12392
49592
45458
11351
36351
56309
12252
212317
149020
47524
9873
6866
553
61094
201579
5769
8437
56971
28812
28753
48753
12716
6739
5466
28126
31581
197226
15964
11172
213250
57578
33837
202520
63859
268552
215762
8462
263812
9658
206804
33934
136435
214503
199404
6713
28198
2518
134032
62966
28885
53006
134756
29456
11888
28649
8758
211522
13188
209
21497
23700
271795
3302
47165
60781
133159
150862
47741
132525
25159
27951
132116
8422
45903
51765
19108
49453
397373
206728
29571
21127
9931
18126
3326
1853
47553
9381
208583
61461
262191
8926
20632
214762
36914
26617
131596
5378
15502
56005
9595
19148
56630
18001
62904
262916
4755
137125
23506
30282
137
48011
135061
27717
4771
209012
53813
25135
210509
266702
132883
24158
2852
45773
32613
21367
31042
8717
17623
201295
9981
214309
132335
11845
4809
3329
9105
26615
131111
4804
49531
58898
23352
3292
263025
22047
44547
214305
24400
60587
271597
11831
18678
13332
64286
30036
31245
17501
40861
17465
41378
10834
327813
27176
12887
35048
132167
6306
200845
55423
211642
16629
200185
62468
28635
133774
48503
138277
208208
138152
328471
30083
262287
200446
7489
11830
136958
27843
9697
213877
48524
17625
8781
46475
5065
17924
29580
16058
63969
27884
29695
266181
9762
18229
29119
10617
64289
55666
8345
400619
269820
3132
138643
208813
12990
12302
141525
21769
56067
53356
30848
199524
134760
8492
1241
133676
59711
397384
30475
142403
23923
146966
150263
58541
29244
20546
210819
15774
8814
212617
132568
37119
201776
15547
50810
13124
202561
15525
61138
136190
149440
38019
153416
18822
42772
49800
5713
31213
269713
25227
6619
48716
135139
34594
41798
57588
9443
24151
17222
398101
12997
59162
20978
140717
269448
138169
4725
834
38235
44489
35753
209854
31549
2609
54825
2497
395954
50979
9316
55803
36321
210125
53158
34534
15377
272809
204044
59019
150493
45582
6871
19901
31252
23673
21056
38511
148981
30689
13280
7470
27895
21050
140527
12182
141998
329244
214996
398019
2561
9824
58540
18002
28548
17853
714
6181
9416
41733
12338
62874
21021
136142
131429
23750
34343
205100
60246
25820
559
215269
39287
131269
3255
27569
135407
38794
201626
29432
3842
28210
7562
15735
38732
63734
36926
215691
13046
29975
266021
22724
63473
23383
36994
14522
31163
32098
28220
26548
30600
11492
50028
25046
50187
140096
37153
29208
196695
263291
399486
268097
329206
131386
5413
53055
28761
979
207957
140627
45370
30619
14259
24435
215292
57334
203201
31012
3920
136195
4816
134877
45536
3549
45528
49791
7482
35807
55430
64080
134365
131267
137872
2607
10103
23752
269455
137702
150596
31242
140869
142578
34296
6134
63835
7203
51559
24323
136199
45753
262503
138407
327931
9891
135225
135746
207137
49981
39232
262378
59257
3249
29226
19037
23860
205659
40788
43529
204997
149667
6300
11232
398465
213861
25620
13030
56272
47589
17469
12042
17809
265630
23974
16342
9146
6079
263033
25144
8697
18747
23650
10013
24173
138195
28015
12578
268962
16322
24492
149513
23158
58065
31115
15468
19970
262954
136052
262186
133275
203999
394684
137120
134674
58495
9908
211632
31655
58369
49447
16347
52361
211908
55824
41608
31208
31520
9063
204410
34700
8053
22085
214196
211860
36866
393249
42652
45769
61272
20207
134863
134643
133115
7377
42841
50565
265691
52937
23910
9583
15493
25467
43153
201838
138995
36231
142132
47236
8570
134238
42
211066
29049
47331
52263
131627
8953
51375
4764
57044
4773
153531
15994
49100
9924
9484
39493
31261
5416
42863
214640
52043
213807
35549
266777
398823
42313
32097
149705
29061
9051
55685
44927
271907
49808
29056
44382
33425
12083
30006
8393
12297
53755
132839
8386
205352
197706
12816
34168
35699
12668
28890
25133
21453
9231
17483
132420
204834
18013
205463
62160
35568
27738
46516
12091
60404
201019
37049
131445
52341
215567
15399
26042
136384
45588
41164
55352
36907
45804
42831
133647
140403
15967
24088
198589
150750
60294
9050
134543
26077
17577
28146
29124
10029
58313
31363
24320
329009
16611
206065
9976
213186
208060
6724
52228
209372
273683
395092
44709
61280
2108
269193
48492
267765
4007
44265
396190
20055
25374
197309
134810
399296
43289
141167
46375
137693
28118
141892
6856
45235
198471
24739
30900
149178
9770
44391
153517
209193
4750
17506
13037
23961
6364
50010
41704
48161
60631
24945
214000
48347
34177
4515
208323
45305
137085
142036
138156
6876
49218
151338
9155
63526
21599
45543
28458
204770
41134
13194
25472
198610
21277
57658
6661
39927
140825
7155
138950
1836
265919
48314
58542
12768
132770
11976
134823
1835
133944
49367
48874
131423
29357
62336
132634
12683
56478
28267
13045
4787
196921
12709
11014
40156
11432
268581
147049
43278
10010
21487
138842
10030
266274
59588
61173
37350
21430
14988
59787
9319
200000
3219
135607
1897
199636
57800
146943
137266
23520
210402
31263
18182
6663
48386
57389
41998
20875
31214
13370
766
27983
41281
215787
29247
12991
208677
33779
140791
133255
13440
12586
47441
214382
29182
7679
39608
50261
42560
56694
137967
50581
47626
269076
394353
38701
46573
55699
394814
139659
269832
213802
28186
212552
139220
132771
271916
34470
39824
272122
201749
206026
24122
215411
24203
43513
51570
133700
4657
262161
211126
30936
11404
139982
139994
19863
28165
208102
36441
52963
27889
31117
198020
58895
208885
40355
55839
38758
214918
32244
24164
42908
31543
16628
327782
135799
48707
53514
151734
27411
207633
397032
20676
138926
31725
9919
14638
42682
205647
50241
22616
139880
57227
271951
54290
51369
132280
15570
400992
16814
262689
45700
198967
202098
51074
50926
37371
31566
13101
7602
270764
12334
272102
15582
21130
34081
396362
19182
398779
37468
150279
4818
48330
133301
10066
199064
271791
59497
23966
27839
56089
212271
328539
52363
15958
212175
31404
138871
270068
44056
23889
37645
45775
207416
203061
28509
135523
17754
34797
45374
196735
22411
51604
27964
134542
23106
213725
272928
152586
25515
12764
58678
57332
34533
61908
48678
24651
15751
132559
63838
45557
63018
17426
37069
197235
24700
132153
18207
135967
199325
4785
399244
52495
8821
15897
11776
216127
263767
33576
8849
39855
58314
132115
26347
9988
41564
51184
11290
9927
24722
133957
200107
138982
51004
44092
269359
206924
25184
38091
15397
12312
214898
132934
399629
149457
10094
51177
138421
9335
399979
16202
9698
14868
36935
47887
133296
141549
264837
210976
140308
262197
51020
45352
17839
20773
28725
1117
9902
57858
327750
1002
14962
42277
33991
134697
28202
14340
37284
2734
399804
8368
6503
3737
36937
268323
203459
262773
61317
52362
327693
58659
49683
64079
209693
38482
34927
133199
134761
208972
931
24342
56329
135923
265867
206257
138298
16045
28760
45271
15706
262907
59835
135959
24631
52129
263238
25248
27768
3758
24691
43451
8399
196949
1659
214716
41549
45669
39551
197275
45595
8308
138590
396073
38266
1054
25454
13306
133398
138160
399820
50474
12418
43197
14315
35311
37517
202448
134286
19165
268437
59223
8267
269795
58172
43139
21193
24378
393886
4181
139642
210218
204170
37053
262807
196705
262854
2611
62610
269194
49718
7992
55501
18081
2586
3741
215148
6698
8585
9070
60798
137526
151595
27665
39686
60740
8661
271957
44103
33983
9371
35816
214668
52613
44217
210135
38700
61888
28201
45701
31775
272955
5056
133499
60042
45284
25512
207083
51346
206358
47895
43727
6597
133800
64199
8070
49770
263432
53066
42003
35656
265523
28166
137689
213382
7195
9119
262459
131602
8449
45538
137698
56207
38972
3561
16345
58965
50477
52048
35244
31148
49273
24207
213520
400587
201767
138167
151487
150371
30764
57494
202297
139180
21575
206996
43588
51713
27837
28403
131178
51407
42991
47610
62214
34977
147201
39642
8427
210743
39486
20857
328867
141067
9790
27775
35298
201211
59165
138311
47288
270438
134366
399646
35598
262391
203995
43357
149116
31257
198093
31510
15440
211301
140293
41789
29084
61223
153897
132774
52974
209242
262813
52436
23089
202044
48894
59078
210630
20294
25139
12929
20853
200966
139983
29355
37282
25198
271922
7642
9617
5645
39647
134319
3491
202870
204287
8749
60754
44724
213732
269730
29667
28300
9158
18233
203542
10299
134316
12494
8675
327712
16246
16839
202015
51684
44735
9500
134765
13916
52477
197695
44278
19711
17494
50825
29076
132933
267096
202779
198726
267920
15723
9676
197155
272547
138077
56882
44143
30893
15366
20057
37680
216099
48728
28270
28669
6878
139831
50543
9129
27845
64037
329490
35645
46198
204102
14670
262663
43375
59642
9694
394474
21183
15808
60064
215672
43395
43928
41275
400655
9087
9605
38195
272786
198537
213737
35432
50049
135777
43366
266841
42109
9115
6461
29194
212815
25106
34123
212027
213795
50436
22869
24165
41750
6772
202660
211995
17747
61919
327761
49724
12390
203346
262352
263210
36891
197897
136525
213194
216334
24608
264617
202613
52783
29582
41096
216300
6206
41336
24822
34295
25540
262643
203446
263237
28075
52571
11260
153038
38193
41268
41202
131293
21003
23347
56582
11855
269946
270814
262632
56380
14782
51582
24641
59668
21378
204601
203758
44094
56655
57293
35830
39435
16592
43205
52871
62651
33763
8720
206888
27715
8615
269814
48004
208647
213385
327812
151847
58946
46785
132924
27879
38631
215467
26832
135780
56889
56487
41754
401479
28716
262588
45184
37130
263075
216046
8387
206892
39812
152605
262595
52573
205964
9044
209723
21309
30985
41887
59253
53098
50928
26611
17547
205774
41508
133612
23872
270270
20454
214961
208485
15623
39264
42555
47764
31376
803
199912
132768
51612
9125
60757
135758
327724
213035
137619
149147
44493
8905
200924
262659
201233
35908
56300
262606
24337
38600
262753
44443
29614
7049
134351
14232
152800
134294
51430
208220
31272
57323
206286
57724
18206
400754
25424
197477
25229
52041
24585
50716
42306
15311
749
197555
43037
266886
48441
205800
201341
199284
202468
41075
28294
215930
13287
15830
24921
151690
202053
24534
214138
21017
10225
7623
18053
152565
45287
30823
267843
136969
43060
138746
202736
216234
24163
133776
262994
13099
139490
32875
393336
262417
47321
264446
49187
394380
131414
38466
24154
151729
35125
56534
209059
202496
263500
23991
28546
135951
6789
135223
213640
29107
16116
131353
42473
24626
12332
13904
30986
18103
23671
52262
34058
214677
35328
11814
207547
29687
211621
21413
135234
53184
33512
8257
135059
209366
5394
855
33566
49889
31149
135478
46887
215645
20910
135248
24389
5573
27
50578
52423
43612
51812
22351
61976
138128
25521
50181
42548
199653
23265
211138
22689
9488
25328
14840
52995
12978
49304
37196
262673
17911
271388
8251
52967
55821
47169
7849
135025
28191
136038
1547
212504
136255
58715
50131
40934
11161
34718
56322
205399
28258
12846
42532
39120
135921
38713
58689
31224
265198
24432
204646
41330
18986
53078
32489
35032
48166
197075
24525
262194
52860
27419
273173
64457
15404
151637
58772
210315
43994
44925
207790
138655
263223
151498
58543
27323
29286
47217
21040
24812
24550
268976
198037
5385
204666
211179
51320
48190
34187
262273
44901
36996
400175
58329
263740
215346
12886
34661
1930
199276
268645
60095
213541
203680
28656
36905
33871
27773
47232
7565
35706
58912
57474
203622
28036
8562
270531
53155
48969
25108
207375
7311
207333
210413
48715
8778
9354
24527
30992
140227
262369
35518
204650
55769
39501
12372
6412
207252
272996
133752
38527
35646
10175
1273
139879
23949
47914
23243
27668
36149
38673
45839
45722
263661
10396
132453
33185
28665
139021
22843
3262
5400
41034
267124
135744
25180
28683
35362
397270
38934
37133
211381
397044
7474
270161
21353
6858
150297
52981
8580
59463
21491
205016
3226
38001
263725
149240
264685
32002
44512
262285
269749
52260
203971
49126
37451
48479
149369
147303
28919
44507
137630
52393
33885
51200
271129
213455
38320
39032
7506
64466
132778
41897
24544
23951
13127
55341
197524
208417
51783
8496
31477
23893
133001
262404
59580
397283
204800
13000
44869
37037
263481
199414
25124
4382
131366
138452
31679
27725
28182
203451
50019
48128
49532
262761
271
28580
152705
52892
9208
44407
212531
8342
269729
140832
199415
138886
42083
55410
138782
139201
58309
2715
133720
265855
59191
20598
137172
138968
140171
268051
12570
262468
34883
215026
40244
210718
59890
5602
44377
30598
133278
20545
262387
19624
131183
215051
134236
208450
37100
63150
45194
56503
138239
202796
201691
15659
47159
12350
50467
150462
50060
17439
30148
30781
35370
266539
19186
13767
209604
265721
15614
268467
264358
34244
263672
30971
138651
34758
18419
35815
262749
18144
137987
27800
51784
262847
20278
46690
55653
48309
134707
52602
138415
52339
31430
19114
24499
10219
29097
150683
39010
207369
50495
18106
29262
12963
134926
201670
152390
963
210021
34139
27696
272025
9832
34606
269771
45650
64050
48739
26154
59187
52862
6703
42239
41931
56209
29648
214483
216383
42387
52711
42837
17962
262481
265688
62442
4796
50837
50718
205254
133623
25403
39184
7693
26827
199995
199218
267458
134540
52673
263569
270641
8517
263355
329184
28598
29072
33588
151992
263717
152320
216473
137074
140641
12593
31027
210616
28158
208077
46562
57000
269901
328331
200154
132754
132298
27953
199883
199809
29405
15672
203576
28032
25306
197414
37168
212249
210906
63647
34547
29289
140815
25846
47702
44656
45433
135932
135360
41743
20723
198930
265204
29170
327901
20661
52402
35986
6389
29046
140822
35654
29190
203217
28122
8255
28590
263289
270824
51350
270035
131210
48199
21341
34762
12414
263905
62005
44027
59692
140607
36923
135801
20960
33874
206991
49551
4835
212374
151157
33846
210369
13150
56150
49368
151852
41302
44684
27995
39199
197204
37018
50254
23678
61941
26006
38712
272061
152868
50482
50113
30855
9471
399512
19889
3308
198102
400371
50673
134375
205585
35425
262731
265370
208909
136030
138755
131717
262691
205847
35191
57353
31638
7393
15974
263008
27813
49115
31204
932
63242
396507
270026
42742
62744
7224
141039
55850
266853
38719
31499
35539
210656
29169
10242
35682
201986
58717
36974
57013
57795
134331
265379
28135
209788
37678
27729
39822
28433
135848
138244
44575
39065
264496
52965
17069
147038
270996
34170
51813
134345
50053
198605
135756
141275
263151
203557
152918
141126
57164
210538
12365
134732
52630
37204
48544
135817
4621
17971
26277
22080
271814
45293
47156
12897
48957
267251
207043
140659
328178
215402
265551
46026
28668
11816
263411
13178
208324
22772
196797
59577
12958
25549
37002
12611
9326
12730
204986
8648
133593
28265
41354
41653
216211
46231
136287
8990
37054
395839
265743
60119
702
266779
7633
5033
266962
26481
53167
37228
139009
203087
12360
56045
47154
267953
42574
38506
213493
213404
20811
213606
51685
35047
210003
264301
36912
24440
29238
214528
137365
211859
63962
37342
328638
132215
28613
136224
55947
31423
208040
215311
47474
10753
262253
265911
136334
209046
208570
134177
141159
50158
23884
199140
15935
21232
50596
37550
328364
138155
133284
200484
34550
263689
137076
394472
42581
264778
33182
41360
267788
266032
42864
266651
197394
50852
136636
10412
44552
50835
56740
47956
149296
271136
38835
47576
45671
8970
398830
12455
55307
29555
48014
17598
60806
62013
7497
52838
37063
328510
200982
147293
13977
24953
14381
41088
131759
271425
6535
262785
62633
10111
36890
47692
138296
64267
42765
151164
59989
12684
34137
1213
44363
32181
44068
44803
137453
134840
21837
59713
60517
137166
141342
28917
57737
28260
52308
328480
54103
135244
21263
203684
210099
49628
136514
52771
967
151106
209341
11114
43400
55330
51561
56665
51132
197522
134884
18101
28618
262493
137160
140979
45544
197248
15576
146902
29544
149137
47263
34656
4907
215353
44234
211279
29584
16960
263073
202375
23764
268725
12491
6966
49223
212655
50300
265189
31167
150215
149749
397086
55293
30851
133201
17471
135765
16125
265157
137654
58765
200735
58821
21271
21921
133385
53065
139952
211895
264111
6752
210731
42087
50887
206119
17698
215114
135307
273007
42689
134564
203540
39442
134489
138089
262450
7684
150706
271646
272696
61512
203409
28205
152377
208397
141329
201746
55701
14615
139080
328148
267721
197637
13354
60673
200689
264780
28263
52724
207805
17538
55256
269416
205090
209531
61121
138131
56465
47196
153656
59729
49048
29075
204272
31205
52682
56420
56167
201409
41843
11139
40786
196802
34525
49125
56677
140003
136716
265684
42396
206980
140421
34767
48815
41682
51645
202105
62040
21107
33070
52444
263793
38200
13614
39045
18501
58682
12843
41297
7522
269409
28423
208959
14813
28554
262145
201826
21412
50115
8660
45430
264631
132445
263269
131464
37190
60656
141514
8685
61208
12508
224
263019
210457
262812
36874
139922
51468
136897
34056
56340
42116
328490
153063
16097
9644
267205
269733
264974
49081
9934
133692
45905
215365
8920
267280
208864
41627
22439
2055
62390
57717
49720
263880
215120
45007
42846
207513
48475
137699
9370
49835
62440
51162
48587
269822
34917
265066
135450
50522
140900
263751
48847
28642
137143
29287
198983
31246
214738
271060
61125
202940
41872
58243
6677
28252
215284
40545
202391
395965
44866
6687
37424
8468
38333
153393
56981
264659
52747
52765
8728
17854
61805
49261
34666
45326
13490
39318
41497
28640
266428
28283
202651
269999
35516
34590
21409
41661
12693
49528
9023
38121
265629
266757
1403
39835
22423
207847
152949
23944
141433
133989
265185
44247
264932
23338
18450
39657
8636
136697
20928
53081
42248
262504
134875
57172
134004
208821
63878
203791
13156
46023
41676
133007
7727
210403
34772
12946
31122
263774
37542
52721
134326
43047
268314
149360
267384
21351
18540
8286
51395
7459
50316
47376
48096
263189
151330
209863
399765
201624
264104
134026
44208
266673
24521
328856
198482
59441
133847
18187
136280
20879
50186
136119
15108
15640
141312
41820
134204
133384
153258
25447
136170
34619
45143
2764
50012
204035
53054
142647
63844
328997
28132
267388
135212
28318
15457
7122
134862
61684
138384
57250
56246
8426
51557
138640
48964
39577
134928
9028
52551
200200
53022
15868
52413
214532
44285
132300
151750
56690
13347
37334
33548
58487
272112
35297
52973
35320
30238
28226
141356
262317
214351
43824
29303
214320
328608
55828
328436
7794
264696
135818
268537
265777
9021
197071
8641
49293
200724
149617
207728
20866
133933
140122
16043
209874
202254
14178
52207
31452
267809
44043
267659
141968
57910
4922
267708
24806
264268
278
27924
59625
146993
206617
51175
20804
48407
270065
60258
268145
138759
400304
262851
262519
263244
30922
64249
133861
50427
43873
271689
135341
28667
31113
7438
3253
269107
198381
39383
62161
1114
134033
265363
29894
21230
25693
50670
12380
61452
50498
263656
31626
328988
23546
208879
56400
38203
4213
40995
395917
44066
53075
47782
150821
7941
56468
59466
51121
58322
206238
135354
266579
2110
263868
328840
46015
29091
41371
269895
39574
147237
9946
38684
266860
62419
16333
207164
61937
133693
138064
9085
41630
38120
20161
207459
210079
397031
34087
152179
41786
8280
39845
33947
47438
135217
137127
48437
263652
264278
136336
265283
328203
141266
132692
52284
23679
10054
44558
12355
20590
138955
8334
327906
136873
44604
270550
61889
39273
25310
10557
269846
34785
1916
34347
263346
266346
262989
61754
135188
208413
199654
52253
140716
17563
55862
398721
198279
10269
138112
9781
215421
29909
273141
61944
2907
35141
211356
151003
22646
43989
23316
208425
25394
197304
272940
51978
42673
271188
263579
56902
133838
135724
29633
211448
36939
29413
6758
51580
131404
60077
20746
271855
52686
59134
57344
3605
49088
262913
16301
31103
21574
47447
263124
8540
43653
49732
9340
207810
52030
201502
43567
39153
327688
39811
132618
31203
31724
48955
23584
212910
37577
20776
207992
4686
38901
38017
63996
34456
17885
263744
47794
39135
23487
200613
268468
211720
13333
43667
135353
49332
146864
52901
213354
11272
135097
37337
152122
265894
212314
328961
135872
134465
48147
3208
201525
49902
50767
15694
28972
8200
29134
39604
57093
263561
57378
48092
214120
269051
32363
134337
202700
199634
16504
135834
8529
209335
57760
20810
266592
51153
265312
28009
42960
263478
263966
263302
24554
263982
138191
4637
263790
12488
149419
21221
150027
49821
140454
205424
27742
134113
135983
269004
215376
31195
329322
262729
31277
55944
131392
43940
264758
8416
136902
52449
200239
262215
38532
135175
17306
42362
34503
48940
133469
53142
264738
47119
29014
269715
52603
328723
262727
9441
213529
58002
9112
13193
48149
203953
7643
197350
38493
327804
16143
50923
34867
28745
43274
20870
52794
25176
49985
48431
271202
269096
63497
37191
52872
45062
29690
38553
37012
134264
44375
34887
54614
20634
17727
31370
203003
147181
266269
49824
53209
45245
4739
17726
34602
24211
49183
49847
201890
10292
34471
34267
266213
211057
25921
151698
39906
53038
268930
147195
270585
265317
272832
39401
9387
151844
9287
267296
37721
39216
21267
62907
135269
50911
33333
152729
199782
59833
28188
28398
198820
50616
49805
150034
264830
265704
56736
51300
57519
45356
136696
39440
20750
61920
28539
35004
50161
197882
12737
61449
141253
13296
10297
203018
207348
10118
134942
42873
265627
45766
58656
61466
64043
28183
205516
37532
56082
9812
139554
60117
38562
137424
58477
262715
60558
28110
263915
51495
57279
49524
16552
3236
54434
137239
39729
268516
136306
38584
17877
38565
49117
131215
211484
262617
28419
271904
42912
141031
28227
139628
210392
51669
136515
56580
196777
44542
60747
264030
265175
263047
57626
62365
28178
138115
4721
262589
61263
38625
52485
131471
41124
39020
136308
133711
262367
262797
139508
6702
61287
56876
30873
6621
56449
267882
52242
29550
270095
328880
9136
59895
57214
264439
62314
39699
50126
41046
136364
51809
213873
206176
149422
53222
266366
14979
266550
37549
136171
269843
50671
132148
996
208161
44679
28750
198968
28124
45498
131706
142527
53153
42351
39716
132296
21565
56231
48206
134806
53240
27734
12829
134021
28431
214693
32748
53991
328437
10143
49357
30404
197296
61649
52780
206479
268444
34042
215342
26727
59815
205119
139567
12361
59869
43061
35444
1653
269203
45925
140443
210083
198050
17139
271415
29030
39238
212165
134788
150774
27364
43714
151333
32
61858
31863
39521
5520
21211
41966
25164
200736
209641
210022
4581
28359
265225
271001
199021
51659
198374
24864
328543
141739
197033
48830
139007
210924
41465
267798
26666
201364
207490
17400
31556
51825
213282
376
149042
150359
37649
213702
57814
208586
215859
41435
265586
203223
6740
25082
210519
206375
42512
56568
200964
43068
264023
264162
56696
35278
5511
140224
42525
151355
28128
136861
139555
137963
202103
47237
41557
58834
151719
46042
9286
43966
33387
200525
269435
212212
273182
44964
23528
15805
42366
136342
55652
266641
134878
131745
209040
52793
61403
205179
35613
201178
199152
133524
142064
265269
15475
41491
25520
7106
29852
141898
328698
266401
45317
131207
265735
264114
52606
267033
38771
41631
214560
51504
39912
199731
26619
197537
52639
263544
133119
264508
20552
25400
47116
57218
203851
206961
26863
133200
135699
28889
35790
131442
205467
3580
61849
197078
269862
199657
267829
205275
42956
10099
60824
35063
34318
16028
27984
52951
38917
8439
267587
141474
58768
134620
52928
42291
28453
27833
42132
266597
135206
327700
12008
1133
268321
21483
20847
16326
137868
53080
196638
136841
31736
48438
53072
327991
42498
38744
215481
29069
30999
22611
205400
140220
215096
267828
213145
263077
266044
202632
12754
149736
12620
47258
133271
203972
61832
33921
36908
3175
58952
207103
150900
27823
54641
34315
8968
210104
16904
149428
60904
44118
266113
269743
263085
135375
263801
132372
21100
61621
270766
28142
207097
271186
61699
19180
35325
135161
39560
59862
42232
134548
141421
11706
8047
272851
213398
52519
270963
140787
202269
13760
5639
211748
263009
51522
63885
135202
18345
37425
25528
138965
201735
203964
62838
39593
35067
19422
268710
135300
265540
264521
264562
134874
133287
33923
29278
44875
1378
266092
42730
24991
399077
210756
262234
53135
50223
270677
30886
265949
265475
5390
12399
262318
211090
62564
20626
29657
42965
53112
132761
131642
271244
25668
44032
268104
273113
42065
28615
266725
262509
37014
201167
133594
198616
44270
2547
267883
206011
201411
213281
264262
196742
29108
57803
58460
263464
9821
198813
29649
64200
206791
197960
262999
263016
17586
135247
199610
28153
2381
208781
265411
42707
197862
62943
23507
202993
272134
33083
400072
39305
16117
205005
13118
207676
37604
34052
13092
262909
213010
47262
272925
268068
329205
47361
60651
215761
19740
133073
49242
22652
201035
38680
263405
266948
272854
27988
22709
264369
267853
46829
264217
5742
328977
61304
13789
61923
264552
17478
28634
271929
39798
5550
57728
15703
204144
43132
273309
25531
264509
13430
42905
196854
61753
17897
263099
133648
13316
53766
48909
20895
42510
49749
135718
60612
52574
199319
210070
43341
141767
39102
52758
34757
265263
42739
28370
271971
264635
152569
270544
203695
62340
41110
274103
59362
135222
150021
39074
44789
24994
52465
207743
196651
203489
201476
5606
147133
25933
29319
268317
8544
262469
263470
24556
265705
6802
135697
23953
142529
44533
329029
12453
57469
271497
398704
39265
54858
34577
63501
28536
263806
262159
271057
263903
132608
263702
264210
61053
262437
34010
62205
271899
32167
266953
35467
34892
147314
138718
52251
36963
264387
55313
2018
44387
28254
265062
17583
58096
263791
34876
52547
152933
133694
37503
60560
48943
61079
44513
263824
30838
52689
264933
28775
263611
37461
53205
266514
57016
56433
271023
205367
204896
29081
265645
153040
52982
53724
262262
137655
39251
38987
40980
262532
43530
50613
142488
263980
265234
328111
13357
133811
206854
13693
262323
264463
138824
48117
21466
132750
2614
135357
15605
198089
42155
35239
13825
37182
23028
25249
31619
264288
206446
60849
23033
12119
24530
136708
131866
42410
52419
35394
51873
201682
152073
37009
39791
35506
9230
205262
15383
15836
48778
196954
198984
269025
34703
132092
61663
149575
13876
29167
28130
273155
263650
205368
264525
29436
13768
10001
137959
44539
197704
38513
199959
199487
11417
5377
57630
42346
197451
49798
52075
263453
29125
15626
212396
58593
197793
20807
57835
9686
28652
264847
8870
55805
43764
138346
264110
52876
17931
206926
134341
328527
43321
270020
135373
1756
150698
147194
28383
52368
201285
15378
34362
2602
270058
48507
37136
34351
52564
132957
151590
271475
47139
264100
265605
42910
264589
52575
266270
12496
135426
137263
203380
271252
47241
13737
212508
64425
262342
266445
61964
263292
400860
6356
2828
41575
12772
206170
24889
51043
131284
210068
136284
48882
25446
151130
133014
10226
263402
28317
210625
264159
263422
398991
4694
329437
38071
21804
45012
268310
15425
199967
58046
153013
201290
24768
37223
15532
6696
35378
53808
54523
135193
38819
132061
19332
270724
151741
211780
264311
266046
263508
270439
44090
3484
204274
43733
34241
264526
263250
54253
9587
43317
63119
51653
50606
56933
207744
24090
57860
205889
273203
53181
52795
41079
329225
23777
212742
37353
269370
21473
36962
201646
58328
22995
28637
265096
269308
19084
5626
53005
58289
262535
3367
47586
266207
61751
271484
263311
53134
24699
21013
59151
265485
268447
52964
328943
269931
53913
52420
269708
50542
202486
272801
39001
62064
271909
44941
136372
210579
48323
268055
35177
215375
139387
327771
266152
138745
50633
37616
57128
44149
150687
58347
197343
13591
214119
48000
31143
52056
48926
272877
268054
262992
134749
53118
263735
263129
208592
44555
262777
262485
48881
263327
52527
61588
61826
41007
28891
201949
150923
52768
43837
327898
61109
13428
52233
34254
34911
45706
396998
141907
51143
262343
26904
213637
35900
8851
262893
64030
50648
262494
268255
202719
63025
24232
3170
56099
263435
206341
52866
132974
64410
58079
34743
208795
216030
139057
209181
266202
199173
18200
50512
12511
208126
31127
50782
56550
50584
54004
37447
9952
201086
21365
28048
139549
139967
50022
45365
52232
28169
214243
137552
263539
267612
15997
13257
44615
152530
58791
203568
52932
210356
6711
206021
56791
36968
270961
37688
23404
262958
21310
52739
216382
135419
28999
133334
39650
52426
35911
198551
137109
38661
64088
197648
30975
199536
25274
56466
204914
57026
265464
48547
265010
50760
266192
20477
28512
42013
401163
13649
17939
4758
28769
9351
141004
267214
135173
149089
267101
55693
15763
150861
196714
58800
9131
136510
140817
150055
16024
36864
56268
43413
29177
201603
39878
206276
271662
42014
57764
52560
137449
41668
23314
51592
48683
264025
273878
58121
43826
57534
265798
135405
28658
57653
54218
11081
134419
209709
51521
60855
268613
200950
209728
137385
52737
265144
263922
49784
262403
266433
48781
269519
264442
213369
58485
50448
60175
28447
139972
3449
197181
50469
206433
214079
209103
267514
396948
1887
205285
61028
58056
263686
208226
34858
37287
209442
134734
22726
18429
263998
141688
60377
273971
37030
24758
132923
34814
45331
134860
44895
25011
137361
49848
41230
141295
29443
56377
48294
46805
214403
56158
204356
8522
44291
57960
61087
20686
24663
48148
215623
13055
39544
59515
400799
57333
271812
56293
57888
138368
7063
268625
140174
133180
273093
267537
135738
266333
264489
138043
135909
269396
51791
17766
34985
8590
205294
24589
28026
53856
272991
132080
328029
37305
263677
34080
43885
18313
273884
135987
11961
21782
12436
12406
56684
149662
202616
13189
47394
132462
133929
273076
34337
20255
34150
265816
201664
10036
215920
35540
5009
35765
57112
271074
269553
35745
139506
50009
47790
199724
47849
211559
150104
269557
61400
56701
28100
43022
50538
48409
59796
29691
202662
13292
33965
61154
6407
64114
265748
262887
39737
59584
34373
29050
50231
14237
215184
270391
208087
39375
137622
3205
28249
152769
267578
201089
267429
204510
149680
28545
51819
57197
265369
196755
20886
44209
264927
200359
59395
36955
39007
138608
197398
50920
21182
268002
61482
3399
53850
197015
52637
35197
135876
135887
17849
262544
37219
198282
264966
48676
8304
38277
264566
209196
52307
58327
207821
146907
25697
49601
151506
51540
39257
214657
150941
25
49760
52173
141265
201299
262755
8823
44631
16205
17529
266832
28349
17
49136
57568
34559
263011
31037
215597
212286
59793
327987
147003
57808
62150
327738
37356
23114
206281
140975
9008
57993
16906
35372
57077
56530
44592
199250
13054
1741
41329
214202
207156
41421
51399
29396
271416
49558
42038
134922
154031
262875
58291
35018
264075
267797
267638
6846
270690
62300
21788
263170
201819
48101
57141
25375
50466
20283
131711
137510
37593
30982
133652
44664
42893
33647
263495
140457
263821
273744
5504
267507
59573
215618
44313
43370
210015
215531
56864
39948
267679
8937
64126
11796
396338
197886
199811
8290
34820
394177
50577
329095
135700
49350
28073
133660
271008
21559
3258
208988
263256
2585
28773
61775
50274
198307
50025
37035
153283
52971
263763
204297
60980
38224
44318
1729
5482
136093
37608
53175
262282
60098
8278
153236
196645
33335
214618
142616
36920
37453
35007
16371
35434
40306
49605
197854
34047
57846
22581
27284
35457
132343
46320
265141
45382
142370
271618
267685
8948
17429
60647
270987
208142
204932
37315
200521
8847
132817
12150
200838
136556
18390
267620
265192
133643
40401
202914
132585
43581
17608
49864
199155
202050
50625
266483
266223
58640
43786
51013
18318
16863
38067
37333
139959
52601
327972
263347
140469
203591
395111
272549
49743
134329
197635
61102
269597
262545
133815
262456
263612
263297
271402
263737
328184
21228
133878
50564
137678
56383
34918
6282
12767
34989
213693
146904
264825
49461
47132
49635
216312
265663
141711
328631
268131
32133
213881
58381
7795
264520
267091
264221
37629
33993
133246
47120
63567
267601
60494
199526
2635
37605
52751
269070
215704
197550
197013
48284
30729
43991
57456
39944
273090
265643
139043
43533
12688
265406
38805
327975
49588
55492
262316
58762
329535
21001
216058
57608
13041
41727
57606
135755
39578
271591
36180
264459
132447
12759
208235
48789
203778
12941
31472
29492
43848
206438
45177
61678
28136
48207
62370
151650
11525
205928
30041
264216
267991
52327
28555
44769
262490
137690
37703
60447
262808
266504
17539
37184
267531
266353
147231
265018
45754
48695
47114
267373
44352
28218
151373
197453
264688
42334
139481
268120
150980
204818
135310
396527
44222
62015
24971
138943
61424
20412
63383
200582
2711
262734
270158
265509
57844
29031
149107
269806
138109
8365
43242
209309
199496
50949
201041
207569
59790
198906
28876
18004
196883
30998
60029
47562
51964
393559
214530
11377
267237
28224
197307
64315
5692
263349
35758
39962
49282
44073
42927
6863
139510
52977
150197
266798
28664
17035
4850
27866
201079
36218
267684
263574
47253
55427
212616
265245
269037
49278
328223
56373
21191
139565
60872
135845
135715
35566
45960
206491
52674
133662
28878
6820
25591
63014
209206
52125
140974
60439
18526
48944
153377
268935
149971
29086
206957
41960
25460
39555
269003
17098
51172
270282
135386
43574
267464
202668
28246
269809
52705
19955
267832
44051
24881
52873
268335
136639
42189
264112
12739
17054
28584
2027
61900
61116
38107
53221
262869
37662
262700
57154
25543
9365
201250
400810
43258
210759
50289
393653
141856
136332
205676
197922
152979
265573
7488
263645
268953
25417
152790
12046
47273
35579
37020
266106
212000
203481
151732
42000
15146
6614
57388
272882
52323
6828
60388
12556
28328
43428
9294
152644
23756
60530
327872
52945
202004
263328
58080
12831
58923
211409
142594
53233
38253
31362
13022
13886
64026
28171
42427
213852
27653
138179
48252
50031
213080
200780
44086
35199
208905
27887
399898
38868
268683
53047
269853
48239
273134
398113
43670
198154
132220
271267
60016
269120
269073
270458
44894
56354
267195
14992
8469
264564
48416
39762
52447
139230
197023
138004
42683
59211
21458
207677
153135
58048
28360
64013
198178
263631
265128
266438
12564
264485
48551
57367
47917
50195
44549
35046
59600
58906
57049
141834
265215
53087
272937
273221
262220
215160
198356
272139
262740
28949
56456
48289
1113
267232
262288
20205
47564
34359
45499
198935
51191
9957
39869
141805
39662
266636
206575
134651
211258
137093
27923
42676
49893
44400
273837
207695
263636
197311
25052
51095
60840
38442
202357
134911
3225
198397
13119
198433
271020
49478
267416
271392
135259
270804
262803
328939
266742
30029
43019
207558
53139
262447
204554
152542
150315
28225
16099
137342
265719
138074
58971
271586
329387
263018
51622
52175
200683
29688
34660
262953
55309
45415
12850
133000
38638
28994
41967
131657
18024
59684
34439
8508
34391
59460
28929
43507
51569
135774
328329
34896
393442
216356
210147
208172
262439
10278
39402
265335
39246
272539
19331
266460
262865
42530
15128
53019
196983
270593
35100
265960
207594
14265
135422
213544
41560
265275
141610
4826
42159
398343
34702
37484
50973
34694
200023
213260
41670
268337
61371
271773
58470
269930
273172
266468
53024
264323
43915
262820
135920
264260
273208
24837
31972
50676
52944
139238
135266
265641
43372
140499
50544
208708
56656
58955
271193
152832
60966
20012
327726
37323
262380
8932
36988
30925
203219
12423
2837
1820
50247
16589
268544
37738
266498
44405
393397
9122
262444
262975
26801
267147
50856
270921
47493
215052
209789
52870
61039
136244
35526
135723
263097
47323
151066
58507
149925
43812
28099
30742
12329
197227
15516
62259
213850
203059
208621
61914
133797
394256
207251
43248
327799
133070
42184
48661
35205
138339
39407
263979
35154
262591
53085
42082
60635
33977
266603
49320
41209
46063
47118
151768
28309
214094
140023
58504
149268
137169
135477
152825
153132
11580
31642
140485
59371
21034
57101
61211
264784
64124
48822
50297
152538
199856
153551
51234
213893
17470
8779
43957
26388
6453
266517
45542
270888
395035
211056
400427
213572
265393
267551
209273
18196
29196
38880
134437
268111
262150
28292
56616
202395
138884
328200
203877
59574
43330
27669
44837
263532
46450
198004
61582
269376
205505
271347
26254
9422
57354
8820
7765
48494
61174
25468
20510
51987
8865
39090
135391
266722
135752
46783
13855
28229
41012
48500
64429
269788
52373
263765
271874
28334
52312
264212
37463
210705
213200
262409
138625
270313
28577
267013
267332
52657
203675
268560
22191
272030
198545
202246
140631
43201
136327
153981
269539
44267
210421
150450
208847
38778
138751
59847
56709
7477
44431
27826
263053
36454
209474
274062
209243
262620
138546
13170
9312
49290
8971
50953
6882
206943
263026
35608
264533
269310
273133
272836
48065
262779
31287
137047
9336
25163
131398
14051
263049
5547
9929
41339
137135
53111
38500
201150
151115
150447
268600
264337
2857
54455
137549
51035
141215
9459
262662
37566
37347
52968
56835
151825
43070
134739
207054
50821
64475
46082
213252
264704
137539
50077
50881
12969
50188
139971
38733
262463
269805
152296
270572
263527
132246
43648
46918
151612
196906
262805
133775
200481
268201
133114
41148
262685
44078
132655
52040
264059
270075
136442
212348
268297
47359
36001
34971
198570
141303
57773
59340
205168
398395
48951
214419
203821
47325
200740
198401
264800
150961
52699
212047
152001
58037
215599
203363
61335
7015
208808
59607
212097
139533
264764
43148
151712
328548
16284
266513
263258
17293
53180
268952
273843
268999
58655
149582
43967
54936
39028
136994
39979
52916
141816
37081
18838
24852
5408
17968
266231
201174
28187
42422
265561
262514
41691
45724
137059
37154
48078
41585
37294
25222
37075
202921
198187
17243
206910
679
16006
33796
271672
59592
36666
263675
35617
264637
27927
264441
152430
270436
139421
42794
138778
262585
42552
133685
269424
13113
268648
38186
43633
24441
264964
7250
268158
327885
265594
35725
262720
59139
198831
48266
11766
263154
134835
6428
262758
52714
200062
8972
35140
206075
37594
58453
396986
49101
20880
213314
263146
61060
268200
63410
398844
139136
134932
28847
328418
58693
263567
262146
273069
270054
270795
263693
20771
35614
34458
265980
264524
51018
264367
263596
266608
264984
202673
29399
50463
141870
34524
44020
268824
53245
328341
3342
266534
210016
267178
270182
42666
200043
206460
200026
216158
15713
28154
151549
16283
11019
328464
214929
262543
265989
55154
64150
56038
63508
42437
196925
12179
15454
48873
50776
131374
267823
269924
266040
203257
147180
273000
37209
265973
215238
29491
55799
395439
23473
52617
200435
401314
399997
9825
25481
266302
40092
216022
32505
51589
8453
56623
56911
142394
62000
139981
262997
23955
9569
204020
61205
31608
34955
35120
44692
266649
38769
151769
33582
137311
205784
272895
264223
269417
56958
263716
150586
267121
328361
28049
43444
18651
16625
397412
269537
393238
268790
34190
268229
56587
263339
37129
28469
23791
268502
396260
58130
50411
33985
4663
56833
136377
268549
149023
35445
214340
34358
213619
16027
12333
44593
44002
208041
142299
265606
139870
25406
35591
37084
133798
131769
138163
262223
28435
267463
272907
133866
10002
150503
264512
262637
59169
149781
214990
50533
28854
27640
134053
133817
7057
62643
57896
204548
266130
398989
5594
58009
136634
52195
216347
47440
28308
16696
262834
57248
135726
50245
14
12993
35704
50171
48424
44124
10430
270715
47242
28432
18889
59443
266698
262354
263290
53132
134968
264191
215910
36965
270605
206992
50051
266030
132787
41911
200136
197623
266020
136946
13147
48278
5404
265061
198371
58075
50971
17864
327687
265329
58967
31275
28145
262192
141181
264448
24529
151938
47065
57251
153371
204151
198100
8256
212865
198172
34339
47826
264550
268445
132976
267900
215362
11215
269138
263762
269663
38592
266769
269385
52935
24282
8014
140037
31317
267820
267933
6580
136698
270411
270615
265171
35043
42675
268019
61761
263155
264384
266568
201825
25190
399660
1640
213535
37358
56621
33894
262202
39422
39441
270073
54198
134601
8323
133236
27385
263135
150452
198096
202175
273165
14586
12796
56800
6429
9657
49129
139449
215222
262839
19689
135901
271325
150001
262476
64439
52708
52912
266132
134497
262426
17771
9997
205085
24085
205806
39308
18840
140164
271253
200467
135852
51792
141607
197520
34204
16178
3339
32867
12337
270672
6774
23422
262521
151749
263952
9313
28599
132241
200223
203034
21328
34629
59508
48212
212666
29838
5484
48320
24611
37480
139898
328727
36909
206194
24751
198225
205218
39702
60501
209810
20677
140115
396426
215089
14616
55695
28534
263320
214159
268900
57794
34368
137084
10778
135226
5618
262296
269980
7672
210154
50597
6735
42868
274674
45250
5539
263152
53217
42916
13056
329422
329027
44484
51648
55814
57789
16082
41313
264255
34659
397630
37230
211826
201812
25479
3330
9757
12615
135760
37722
35667
264180
30165
21554
42897
6769
35625
37717
41833
25496
268249
48031
399268
55453
59502
273078
327933
138804
268671
56899
272137
273103
17095
268785
264888
50749
264997
17014
264461
28233
53173
204393
202984
52752
273776
269211
265849
267085
264344
50685
137425
268018
153723
12574
38753
33883
25429
197889
268873
211957
267490
264228
36945
51101
12324
268408
43888
135836
131516
52991
137197
201112
205568
37410
22951
269237
20712
35332
50629
50925
208701
266961
56814
267413
263919
213220
8262
43709
52532
55915
52610
264397
197131
25441
135566
134809
328762
267582
268402
269275
141664
47329
45055
329028
47283
47876
142345
50599
141127
137620
266571
9186
203424
269838
43925
30436
263994
21087
196622
8285
63741
31500
267271
197765
151845
41926
56668
7354
207994
47617
34974
5379
59595
134009
265220
266999
270796
150593
152709
133210
205533
52772
203417
200218
53061
266080
399673
28330
271070
207645
47845
23036
38669
398876
27660
266427
135782
270868
60202
14463
56595
37515
199490
262454
48176
269188
52777
35271
48181
42526
398710
395354
38142
263648
31685
269299
266208
39280
264444
328700
273149
140031
200970
30813
1780
61792
42947
138245
14434
136618
133008
267425
395662
268257
51667
61068
52433
271567
269499
262374
265525
134371
48422
265937
2854
262587
210574
268235
28287
47883
59322
18033
31420
61468
202596
264959
37642
152479
12824
152775
201183
263035
31083
264886
264049
10003
263649
131379
24068
63730
33616
138232
200409
262272
210602
203765
147221
56893
211389
44702
63311
58629
12923
64294
39024
35575
58321
203541
8632
28327
43391
269087
13576
38496
19799
16527
204161
263684
267452
263230
267845
266356
27955
266814
268611
263263
202316
48411
272814
213890
264832
267668
31029
15344
135915
263925
49455
57871
30983
52850
267546
7557
48129
201884
264906
28038
265862
265261
38923
199205
60522
265931
138235
203808
57705
3790
135423
197798
202208
329044
47117
263087
263877
270596
141509
61942
34920
61763
328282
57153
138890
152436
28139
140244
139587
49151
397361
17993
17709
38040
8680
299
41167
141145
35695
49163
199562
211689
18712
264436
150242
197393
47531
31531
6718
49863
270843
268559
265365
38851
43865
197549
264642
329452
263338
28326
17976
49561
262196
46408
264273
61071
269737
61773
13672
263927
263390
39785
271218
141398
198579
43720
59108
43700
51290
16280
328073
46687
263513
135345
266176
267466
60567
2152
31297
197099
139820
207028
268185
327922
54665
135722
50338
12357
209836
7511
264750
270664
142285
13004
64116
43268
39396
141130
56391
42209
33922
135076
146961
28409
133796
52292
209240
264259
39825
25129
132497
149183
266434
200702
15759
135851
141671
207909
139056
269358
58479
50966
58256
3833
202872
138127
134153
270891
136357
270052
263252
49632
39494
138551
44524
267201
34557
152516
37203
43905
53013
263627
52015
40749
61939
265300
13237
142605
197795
29420
61591
56812
212652
150228
266358
9249
209151
4638
271038
49044
34953
37183
39507
41969
202709
35847
42763
56030
27818
198876
39397
137669
265472
263038
272535
262784
52180
43120
269615
204094
56779
42962
268417
266553
214902
216033
205553
267602
202282
262906
269079
53196
269595
28572
45942
36445
44416
48043
50257
37473
37524
214574
52541
138489
201011
141137
28352
208668
208350
201179
196767
134907
81
2735
138014
60715
139921
265796
264178
18882
135688
151390
265172
209737
6762
139018
58295
46049
208407
34428
27903
58688
135182
200018
12445
59959
30766
13795
42892
139372
136865
131275
273205
266647
139460
37057
268288
136266
48327
273189
269918
270419
133854
59652
9756
38505
25299
20764
204487
28173
14103
270294
141077
52525
134861
59702
262702
206385
267523
135795
136210
204350
56361
138623
35251
262988
56262
264731
263242
6106
44851
197558
8218
42922
52861
29414
200713
135866
265890
53102
268359
32860
61820
198890
62106
271160
398826
41368
36958
205715
214285
44668
51995
206182
45276
266471
266624
39790
213174
19024
202958
48811
42474
202302
52008
394972
214893
12713
57712
17857
266436
17444
2588
15798
60296
52058
29485
15806
47234
31152
197615
141744
56385
41563
11844
268599
136759
32953
38165
266013
134186
266475
268696
23729
61697
202293
264838
267289
138130
267912
37564
206774
64297
60641
262365
197254
134090
213261
13378
262821
328586
271988
42611
141934
215039
262517
267938
152107
52651
135149
270791
141994
44923
19515
61951
198498
965
204190
43309
264414
34040
48917
48956
266380
199837
41782
14291
47869
212598
328583
133227
6391
29100
1761
269797
51042
267613
263779
34891
47453
207691
200148
200311
266169
266319
58230
134196
9002
33749
41997
52612
271052
327697
199713
268605
267513
266668
265804
264169
22408
133551
204499
265432
273024
262207
134714
37144
57990
328271
216363
329279
134318
329126
60720
264646
264528
198227
32809
328286
13807
52864
268144
9557
43173
134146
138096
48892
31515
15461
267002
263096
48279
43420
206495
34781
50242
45996
12835
270832
57901
207147
20665
263589
328816
26141
37497
265861
52848
263958
266643
211612
60280
10101
43364
8542
52092
11550
48362
45015
200420
262453
270776
268902
134040
132955
35810
52662
399049
268041
56386
52544
20299
264796
53178
3245
267600
270448
53185
35346
141064
35132
272775
267979
262502
268678
152532
27720
205471
53086
51469
37302
61854
64123
63984
53508
45061
138711
36549
207187
271278
40237
397005
25514
49830
272018
10075
273427
199128
134858
262769
62363
29974
202838
36599
57633
204679
45410
38209
267261
131584
48133
15937
15743
269605
131459
327795
209934
61768
203647
142393
198735
267155
268624
263520
266453
271270
9103
136368
43103
15925
198717
42244
205654
41881
61960
45566
209393
264880
399275
48328
45629
33943
203732
12426
49289
50815
35184
47898
47927
31124
51337
328333
30822
269854
399282
36829
61714
199058
16190
57446
18622
269906
28131
31593
267372
262898
197159
11191
41123
48230
214557
47111
137594
401401
269935
201952
270548
52238
49120
329062
53130
262530
270632
264170
36374
265019
212853
329435
28234
262462
41019
270487
142319
328278
38949
7191
43801
34578
52593
262792
327746
20436
328722
25189
263981
59478
28277
44587
204064
48573
50099
28160
61893
10704
199475
395570
52821
197184
265023
269714
152359
202382
47943
13223
267366
135411
152764
134008
137252
57889
3548
27589
37279
43559
267964
135214
50226
41307
196927
34169
199715
12464
21419
56566
51390
56330
1421
264263
215828
211101
137587
213373
263270
39087
141114
267003
265817
35567
262888
138805
268429
55025
212449
8100
61031
203600
273154
153119
153869
216154
262539
7524
134054
17878
271231
262385
27781
266454
268424
62887
266062
205718
152499
209835
53143
136531
138134
58334
48019
262600
58350
60886
135191
138761
52510
201602
27357
262624
52947
265823
266430
58284
198056
210514
197156
201369
263558
270606
269311
12208
52941
197988
210876
51628
51315
52531
30929
197502
12859
265351
150516
271239
31721
132641
11402
198825
36728
207044
36881
262424
265207
270049
262231
273054
37682
266551
44546
262320
215117
262903
133656
132779
266887
264497
29068
64419
13536
37090
271694
329263
41802
43627
267184
50998
39612
265097
197628
196968
53152
262809
270186
215659
264765
45815
51069
41720
54527
34622
21433
57375
48687
12097
44788
48481
28624
35319
133971
140072
15102
263522
262604
265126
28250
264119
57084
19437
132599
133706
149359
263421
266492
135036
150387
48574
7575
268062
33067
399471
150605
266704
43542
50343
327820
9389
208857
56667
398025
141529
264071
140481
209219
153651
49849
329472
133619
212613
28024
269928
267714
262491
274032
270678
266904
271813
216129
151648
271016
199469
22653
29889
23771
27932
61901
25341
138093
200962
41216
135258
135254
29596
57233
214526
53088
47588
329192
196739
269742
270340
203161
267034
266121
49984
263634
63490
264051
138600
268231
59637
42086
197400
8643
9074
8829
149009
49158
140148
49777
17846
9794
141480
136141
44559
211774
51235
269616
208888
131686
14828
51310
16417
264161
51267
133360
152698
21713
8443
52685
13026
149616
61275
210129
51428
34788
133076
21069
17981
207279
60172
132590
55329
201021
8326
207714
58044
15433
51436
153277
135034
265676
200805
262899
9130
199096
264952
44144
265440
270777
61587
269404
52781
272090
271385
269728
132198
35348
273204
135661
36817
50886
263482
61367
209398
204383
37164
50473
264186
262634
271133
26091
209007
266640
327921
3855
61648
271104
202619
137349
263792
204165
61662
8692
136055
137561
29148
149994
136335
24792
19969
22381
136318
136214
14346
398787
394161
42926
266186
197954
41822
13122
49785
202228
201367
264283
263467
63877
136105
33951
51054
204279
213468
215381
268635
136121
203536
20582
265130
328749
1742
396949
149433
34245
198399
44444
198228
328993
140577
203936
3242
37684
268101
54142
271011
263333
60471
52235
52587
211970
24634
262373
268192
269919
273953
266299
42183
41496
271700
48480
267965
270703
197663
37266
46664
134940
216024
55383
60645
38750
268214
13415
268401
262259
30456
267263
50309
11902
265160
19016
271835
329390
266520
35876
196879
141324
138797
52924
61308
138881
265424
8681
208314
34263
6325
8711
60707
142577
44385
198743
268238
200076
198731
44133
133736
205318
4613
61406
53246
200064
151813
266572
271879
18070
211250
263145
19853
15765
52172
138734
45302
211309
60191
199452
6315
56376
58136
264209
216188
263262
58325
266519
265886
265086
265166
266188
51889
58826
268269
214438
51027
262582
12577
39217
44768
31313
35187
57566
42487
20705
136798
138315
48359
268988
263462
267175
56707
3141
51247
5429
64022
267770
272156
61568
61503
272930
268271
62211
59365
3695
267378
61693
264872
35026
268493
21020
56450
58424
266634
33130
34771
264599
134658
57181
147213
263471
268087
264235
131965
203484
199820
264193
41114
52279
271744
63394
29013
269782
262496
262480
266924
197602
140401
136929
15870
28111
262709
270665
212372
263809
33604
205640
39761
8890
211595
58945
196956
42919
21360
200059
262751
45361
51010
51341
207592
267783
57478
56642
206406
272864
204203
58067
137905
198721
53189
37317
203628
9080
60893
272865
271238
51269
212939
132637
135788
52354
271604
196900
199578
201106
53045
273895
269804
18360
264571
25960
20766
329481
56055
6921
13009
51615
24723
9099
51896
48626
3238
265268
17310
396279
136314
24872
153107
56803
273409
212898
270857
262979
264246
264229
268207
28531
263623
133605
266124
31514
10076
138678
207973
24514
266139
263698
133684
61233
48391
215413
136362
151006
134055
198002
51904
50367
52020
265043
136480
136184
18859
268697
142065
39431
142386
269174
197991
264069
142595
268367
51215
2847
267779
31349
212325
264033
42493
25914
270561
202766
264308
265015
270334
215900
197058
264867
52927
262868
138221
136688
48602
61000
264440
196640
8737
49502
203210
196994
202657
29044
136654
213644
133719
18218
204582
38172
267212
213570
39399
49302
197649
201983
214174
207033
17476
15497
216063
48433
42844
139925
32595
213596
265725
135763
16229
41289
62099
14709
51960
15100
53127
42322
152992
206610
265780
264567
141642
209277
48506
265661
266660
270625
50004
32590
22697
264010
142476
209759
132746
269151
269473
27288
41344
25250
48950
265483
267074
52908
328734
61614
395535
59831
138958
262566
31234
205277
51814
270237
6639
12033
137346
62006
329211
212313
264759
11815
267385
131158
197423
211291
29184
35000
25532
263587
269006
139029
21571
43284
49715
262300
214155
201449
27987
54548
262605
263057
52999
266312
213095
197697
31319
272066
270623
29340
57634
44429
149584
262394
44019
204478
5690
200645
49826
12346
48298
47902
42541
47193
61323
53231
131463
28996
56475
205041
216193
49825
210017
29505
49106
210423
201205
60426
147287
53043
197217
329007
270782
138829
28530
264570
263159
266731
265830
149526
53171
270968
53488
46293
51197
212263
265770
270143
61745
136395
271933
263985
268829
61844
205547
37027
28051
272447
9922
270877
263514
205638
134867
141254
198357
39709
208286
327996
28094
267221
204522
139377
266646
204817
394991
151576
138527
134562
263928
273663
264619
150576
271478
17378
263067
263450
149645
329159
52559
43908
51973
41129
262332
10835
59193
29545
60822
135859
136014
37088
209551
270013
393889
201123
268241
59665
200573
8607
201466
15969
25353
268242
265055
264976
288
264270
212661
54489
27712
56983
12766
197144
64300
268056
27751
48464
212974
52698
269220
267857
136393
205960
19905
27380
58627
142453
27928
206387
35224
60609
211189
199348
41738
35671
198380
199527
266166
41624
48747
39477
204631
61794
262567
45785
269603
57842
10279
263805
262557
264790
137532
23655
9937
204108
136563
264009
61828
38133
135480
205899
202513
267242
41403
7670
215391
264866
60764
271120
136085
329006
263443
18420
212975
26609
57440
39904
25964
151757
137153
262690
266772
271203
135031
149241
267552
2639
262427
44500
8903
134937
262794
28368
14703
8245
263015
13307
11123
204281
61242
269921
203462
205485
268915
22313
50864
197833
24685
49556
267961
262520
136901
31960
271550
53225
35586
267282
52829
269750
17787
138699
47889
58275
137144
142445
135464
264214
209001
198525
12701
196863
44134
56423
267963
211873
140456
34300
134280
132925
268186
264088
35624
201661
206265
56823
264897
270371
38932
270310
264744
328858
265303
63139
207143
53939
328373
11194
34518
264473
399065
264346
200069
56369
3169
42981
199478
204716
6782
215891
198440
142331
266039
153227
49392
267641
211750
52624
328098
262309
207590
263879
269477
264455
267022
264844
61712
267869
57974
152057
42431
268407
48293
60627
139278
25100
266371
268213
271152
28342
269926
271206
17551
262725
265608
270939
30881
264850
61836
203190
58293
262952
265139
396238
25081
15886
328411
16367
25880
6720
272193
45355
43661
34399
48720
57396
273143
266260
19194
38984
48659
30967
328853
207242
211248
52352
210830
271094
44566
19192
151396
37545
16262
265210
147259
139996
34489
12727
61078
9955
137568
135216
270271
208838
271664
197113
60895
203937
211399
205570
269964
265125
42095
23805
271532
132848
272216
201701
398108
271562
213291
150249
136780
272672
207731
44462
50349
57999
206251
216064
139016
206094
5631
50563
43579
265711
203724
211410
62143
62212
135046
135806
270485
150011
138113
133285
53073
40020
268470
263276
264120
271448
266771
262995
267335
41985
266915
52898
263442
267574
53169
18230
270876
133443
262470
264493
267535
24209
267450
138272
9678
268738
41636
269990
268690
44050
265099
27688
269864
153154
264477
29680
197831
35306
50712
263616
267059
208734
266435
50043
42668
43605
270253
52409
262346
211483
270455
265315
44061
199296
43427
60032
15164
21032
50705
15953
212131
42374
47223
142342
327950
137681
400521
49387
269878
263094
211588
52972
47513
265662
267120
139415
265451
263948
263629
201337
266423
199846
140948
141083
51336
263641
15372
329167
60982
267511
208544
151718
153096
137354
138039
37440
196
43175
27005
3267
264705
51681
215423
135837
198068
39201
55470
24111
49301
204213
204403
33028
150445
16633
53338
59970
31435
202856
206977
44832
24848
202237
12566
33986
8362
266951
211955
29255
269089
397068
136714
268251
140006
269955
54903
271965
271380
62327
266525
19978
201249
268085
27789
207830
151983
204408
134180
270512
19201
5523
17573
266955
44084
52431
202387
57827
329451
263516
270820
328351
329021
400511
28639
150748
58725
267398
329101
13804
61670
265634
62386
36556
265398
328306
269993
264398
53040
4540
41015
268267
264054
31229
214922
197790
208764
149909
12905
43623
136429
207050
132622
44682
136856
49765
21344
48585
399893
266467
3254
270528
62241
268480
51214
38571
134143
268916
23699
9562
328696
141530
27759
53238
34306
32329
28080
262418
270949
265997
28125
212701
201637
196865
61296
39372
270780
13692
200534
208405
52800
7004
31357
132996
42318
137213
269514
214628
264625
200599
8470
40564
262407
264821
269300
134677
54252
270706
213029
209711
59766
153830
141346
214063
207680
61603
263098
211709
40819
197860
34863
196822
24951
12651
197301
43118
56515
198277
264983
23563
265401
327732
43228
265852
400633
52605
33788
18474
207991
215182
267245
61307
273067
211468
60636
274117
208859
263608
269633
265430
268755
42723
213784
266303
272162
272750
22690
6879
271072
14671
36088
202618
60087
36911
47952
42245
50558
400475
135333
36444
138788
141796
265461
266012
35588
19009
22315
39347
266623
57587
268887
141955
11067
39777
51738
328855
44341
11650
271514
25607
263196
329129
44417
8283
134023
48592
208642
136555
60533
19005
328576
52687
201654
152305
267593
42268
205375
63932
208803
46392
268621
31197
270375
264500
200750
52746
16531
47521
262575
57552
266705
264547
273039
34412
45079
28093
267815
42925
2642
198263
204672
40993
39570
271413
264746
41841
147131
267281
268701
61868
268125
262661
207203
41076
37110
34975
207876
15566
47962
59185
47302
47735
11994
264754
268568
147127
17448
28884
134702
210469
41913
269877
23576
328266
136267
269482
213896
268983
139648
152131
36002
64107
41176
62423
62163
60784
51155
15874
5524
16302
29515
42580
60316
398432
200773
328426
268940
48775
271204
39832
268564
262880
268355
141026
42998
133707
265903
21723
36813
141740
270268
48275
138050
52878
132972
206260
47038
267353
212994
266240
263181
264318
272027
18310
51997
23031
198766
14574
327849
209400
46592
267480
266011
153528
37460
134308
138345
263888
52268
12447
49466
49897
268795
138123
60171
149848
134216
328884
198757
50635
61698
39326
267305
270786
400220
270277
262642
132400
14677
267344
44945
209061
52993
57099
395748
47638
12539
55991
43171
60619
30953
152525
48650
137151
58303
266224
49816
212384
43995
201548
38999
197485
204659
270757
207154
47381
329082
151707
329487
269231
24516
140638
265699
266198
262416
266943
265636
211028
152373
269464
215147
401312
199546
268643
60884
25206
9848
40029
18530
47830
397391
262664
51248
153734
64227
269950
52398
132960
213775
202279
206945
60976
267657
274166
263519
44823
207236
212269
268487
39817
269036
53236
149926
200703
27787
136646
131256
262268
38888
39027
151678
41111
60446
43550
28824
141315
38090
60860
44418
208556
197029
60804
58138
17147
62166
44628
10109
37714
267016
271357
265016
328053
52950
141916
55406
57761
49335
43843
270044
268659
267357
28537
52539
262698
397142
139759
203712
43478
133495
49102
61577
265390
28333
263139
6471
210303
269777
265828
203728
138823
139409
267336
20257
42511
138317
26831
24689
271705
48233
132780
198265
329014
34462
265978
266987
42669
140201
50431
43435
197620
59281
63731
9245
137048
60973
16290
202074
201748
206054
39069
52110
59545
136744
150562
141493
140766
264129
262645
149949
273019
266275
1237
56410
48434
21096
268803
131921
51158
137884
137107
203667
60168
45786
47530
265116
270583
328619
139325
269783
267611
263537
49596
60931
51947
135839
132547
138292
268146
196786
262814
264103
270315
28103
17716
270047
53959
61882
208332
44885
52976
270833
44834
135822
8867
42770
198008
205879
5588
33868
43769
203101
201577
42593
60624
264921
147277
41305
57981
139351
263580
53048
136065
264420
263032
28212
202441
272874
41956
262728
272730
264001
267126
48675
61579
269813
264851
35728
134022
270705
401415
135208
268307
215370
150253
36103
200114
206487
48737
202678
139863
269266
53172
56600
134887
269291
43646
141361
207228
267834
269870
266071
42478
139515
135808
266382
135257
141522
58963
43110
264544
37563
140045
267024
142347
204634
268391
135371
17480
271545
269425
267408
267625
267427
264238
263332
202862
141368
135239
206478
200602
30923
25386
266038
262671
62007
270642
212559
38095
205127
137404
141844
134709
39529
141105
50124
202080
53363
268390
268995
52704
269831
212463
263582
273824
273363
265170
272869
266002
394625
50331
53230
204865
209360
201135