16509
136907
398324
6939
14618
45102
8075
14061
396982
135377
211298
213412
55990
51396
16276
398705
13335
4134
132203
50360
63949
211736
45899
202425
4837
36183
398722
36352
201814
906
21859
24940
215925
55960
9829
174
9808
214295
207812
32934
47890
49870
37963
13238
212512
401120
2200
51167
135629
20052
4766
209605
45090
10439
3462
49581
139341
12389
12876
211680
34224
3320
213438
138997
9009
52053
48090
58461
12989
19318
7713
60223
214943
52055
50719
206264
401116
4
62563
211607
8151
15169
8551
12880
9121
150436
4812
58466
23969
8452
209290
210558
9465
7552
208191
12145
51852
36530
24429
1267