16509
136907
398324
6939
14618
45102
8075
14061
135377
396982
211298
213412
51396
55990
16276
398705
13335
45899
4134
132203
63949
50360
211736
202425
4837
36183
398722
36352
201814
174
906
24940
21859
215925
55960
9829
9808
47890
214295
207812
49870
32934
37963
212512
13238
401120
2200
51167
20052
4766
135629
209605
10439
45090
49581
3462
139341
12389
52055
34224
12876
9009
211680
213438
48090
3320
138997
206264
52053
7922
12989
7713
58461
19318
60223
214943
50719
401116
15169
4
62563
211607
8151
8551
9121
12880
4812
150436
23969
58466
8452
210558
7552
209290
9465
208191
12145
51852
36530
24429
1267
60068
8048
8447
23470
200391
200350
202306
3209
3269
400161
12637
137280
17561
197540
8412
136180
30722
25369
17621
31034
62240
3303
57509
212238
18403
53667
13213
40676
8560
142002
3215
31898
35916
59414
63199
6186
5483
701
51115
135918
12555
3352
23724
3786
215540
58224
54994
136258
210006
6730
215183
43260
200373
209160
2637
20473
2856
9299
42624
203020
135905
21928
24560
12874
215476
5089
56046
142111
45758
36947
208843
151858
214209
270353
44477
4713
4808
152672
1299
7018
214940
6805
48693
29484
24757
211590
36007
1103
17557
20115
35042
34665
31662
29447
14956
32475
40021
4760
5617
399045
14593
44486
133982
396356
21283
9498
22773
141995
8611
680
213613
9304
2500
25211
9541
134963
61112
212835
213790
22552
7029
34984
207463
9198
5603
204428
55836
28573
5650
4538
39891
21334
56041
206092
8069
6057
213456
201401
4788
5607
8881
6128
8193
12322
3301
8369
51265
15557
1136
5410
7303
3214
33915
24186
150179
9318
34450
12479
54801
16232
29465
33765
1257
400536
25019
197183
211849
5432
24961
200019
5384
25255
206262
63737
53062
8359
215304
22884
16135
29302
20001
38365
15704
11426
216071
14576
26599
3212
19871
10796
31133
9086
27699
51847
5391
208637
140061
214062
48925
6848
138915
24547
209800
17639
197207
204457
23693
9031
12430
5610
17451
6855
215778
137409
20845
6167
9269
213990
29802
13036
36903
14048
47585
42961
38136
15162
11427
7489
42821
14080
26658
42237
199739
46844
52468
17858
24309
203214
12912
15796
4811
17622
37705
8402
141718
199785
1221
2119
207184
50340
34779
137687
22927
29222
35487
212567
9183
134420
16019
17318
46606
11320
45820
54113
131090
2514
16735
577
24955
18881
6799
7979
12695
33363
137718
2527
984
6697
216221
18209
8866
37061
17638
267784
197834
42969
17488
62068
30844
49544
3257
917
136787
200195
9141
210644
57043
58519
3816
9534
17816
132199
24444
62164
206216
149125
214481
57269
47583
4847
17917
13285
38623
133481
17676
22295
30081
212477
215224
17995
6568
53958
58087
29066
40065
213155
1764
23888
58061
852
7738
4130
7040
48452
11664
200651
35612
48721
6327
216341
24835
9341
23674
63760
20860
17072
812
13999
215730
151873
4230
8400
60490
6849
208949
20940
3216
38731
30689
9123
47690
41745
62651
197019
44034
63961
12271
25192
206206
45204
13489
29518
2280
15962
8374
8346
25513
213887
401696
211619
12552
209272
401152
35819
12975
47995
4750
209702
54098
27967
214036
60781
57695
201194
212913
50304
215826
51207
19527
209
6810
2860
47987
9038
8376
401172
61756
18049
27747
17813
12400
9329
3223
56040
719
5378
56042
3243
3356
60729
39603
140810
53107
140726
8796
47377
198953
7545
394695
16086
2519
34549
56044
14754
11351
43350
45609
329166
24139
215439
37492
42708
209588
10620
58563
8595
39351
26496
138341
4609
12353
51747
19108
45117
38264
39421
12741
43641
48832
397423
262551
5578
2516
211659
55577
8732
58212
6400
38841
41039
8708
134768
39089
33771
8167
61178
36873
36925
64236
271042
150895
23532
12714
25490
61098
55933
7385
203963
21299
17665
29256
45916
214279
141679
7590
51202
16010
31200
397368
1101
151185
18978
15895
28840
47516
16591
1680
11562
12735
8612
215929
20911
44395
262210
136557
17762
24086
201626
17882
9145
28209
394089
7418
8473
36992
49434
206067
39392
4775
52804
12810
48642
152194
21246
264628
24863
42610
55967
6830
37105
9260
37611
36884
17552
57169
2116
10912
10429
1759
215590
146817
35179
56048
31615
27882
4800
48282
401109
216246
263703
134771
35805
197450
215703
14987
56047
210278
4618
27651
8339
198584
209101
23201
44244
8445
8220
9930
49505
12301
398101
50219
205544
26383
50867
216416
4685
400529
269538
137951
20011
207990
6147
8899
54600
33567
36692
132165
19901
209847
43766
38283
133661
37693
41436
205714
212219
37671
137697
28343
136188
200593
9105
4761
50266
20326
207326
24445
6871
5769
132124
15943
28006
207713
35369
9506
204104
140292
42337
202422
27947
5466
4780
262415
200514
21499
211507
149078
6821
30633
14117
215090
29314
21479
133118
15924
27831
46261
2107
30036
23956
42807
11556
35228
19429
37340
213780
37148
135089
134762
20485
214973
18734
18809
14962
17511
15600
26210
55286
214822
35104
399073
10139
213230
400618
30058
30860
149746
16637
55081
63023
135761
141140
1955
9845
209956
9674
22363
138754
23688
786
44327
327934
2914
28952
9905
55720
16223
12849
27901
138423
18779
135953
198253
42397
204957
21826
8767
43754
37457
28787
11878
11492
28685
13110
22612
15802
47674
205530
52565
56766
45458
12605
15435
265936
17421
62044
200590
131378
209132
12252
36924
4804
59432
8764
150008
28885
212317
132510
47524
9873
36351
12392
49592
202520
56309
6866
201579
28812
149020
15964
28126
56971
553
61094
11259
8437
11172
28753
12716
63859
6739
57578
48753
25135
33934
9658
2614
28649
15502
197226
33837
12083
31581
213250
53006
268552
263812
6713
28198
11888
215762
2518
8462
136435
29456
206804
214503
199404
134032
46475
13188
62966
27951
134756
21497
8758
211522
23700
62904
47165
271795
132525
3302
25159
45903
133159
150862
397373
47741
132116
29571
262287
51765
21127
4771
8422
9931
6079
49453
8926
206728
61461
18678
262191
3326
18126
36914
20632
22047
9381
26617
47553
131596
1853
262916
18001
56005
6181
56630
49531
214762
27717
9595
4755
11845
26615
19148
137125
4809
210509
53813
23506
30282
266702
31042
271597
9981
45773
48011
137
209012
135061
24400
32613
24158
134351
132883
395954
3329
17623
21367
8717
62468
201838
214309
132335
49981
2852
23352
201295
209854
131111
3292
17501
58898
263025
208583
17465
44547
214305
30600
31245
11831
13332
64286
60587
147049
6306
41378